0 0 3
4 4 -5
5 5 1
6 6 6
7 7 -12
1 1 1
2 2 19
3 3 -11
16 16 5
20 20 -30
21 21 30
22 22 15
23 23 1
17 17 -22
18 18 -20
19 19 6
32 32 -8
36 36 26
37 37 -20
38 38 17
39 39 25
33 33 26
34 34 -2
35 35 23
48 48 4
52 52 -21
53 53 -3
54 54 -17
55 55 -19
49 49 -16
50 50 26
51 51 6
64 64 -12
68 68 19
69 69 15
70 70 -24
71 71 -2
65 65 31
66 66 -5
67 67 0
80 80 9
84 84 6
85 85 29
86 86 -26
87 87 -9
81 81 -25
82 82 -19
83 83 -10
96 96 -21
100 100 -28
101 101 -7
102 102 31
103 103 -17
97 97 -1
98 98 9
99 99 -27
112 112 -7
116 116 -28
117 117 -5
118 118 18
119 119 17
113 113 -27
114 114 -21
115 115 -24
8 8 10
12 12 31
13 13 12
14 14 -31
15 15 -15
9 9 18
10 10 -10
11 11 -31
24 24 -11
28 28 -30
29 29 16
30 30 3
31 31 16
25 25 14
26 26 -22
27 27 0
40 40 22
44 44 -30
45 45 -9
46 46 -7
47 47 -26
41 41 29
42 42 13
43 43 -9
56 56 14
60 60 -14
61 61 -16
62 62 23
63 63 20
57 57 14
58 58 2
59 59 -30
72 72 3
76 76 -14
77 77 24
78 78 23
79 79 7
73 73 -31
74 74 -29
75 75 21
88 88 -30
92 92 11
93 93 12
94 94 -16
95 95 27
89 89 30
90 90 14
91 91 -21
104 104 14
108 108 14
109 109 12
110 110 29
111 111 3
105 105 -28
106 106 19
107 107 -21
120 120 0
124 124 -16
125 125 6
126 126 -12
127 127 25
121 121 -28
122 122 -30
123 123 -4
0 4 19
0 5 -5
0 6 2
0 7 -23
0 16 -15
4 1 -12
4 2 4
4 3 -14
4 12 12
5 1 -27
5 2 -25
5 3 -22
5 13 28
6 1 26
6 2 -5
6 3 31
6 14 -13
7 1 28
7 2 31
7 3 -12
7 15 20
1 17 27
2 18 10
3 19 -7
16 20 -6
16 21 30
16 22 8
16 23 -19
16 32 4
20 17 20
20 18 28
20 19 14
20 28 8
21 17 14
21 18 15
21 19 -14
21 29 8
22 17 0
22 18 -26
22 19 5
22 30 26
23 17 -28
23 18 -31
23 19 19
23 31 27
17 33 -12
18 34 26
19 35 -11
32 36 29
32 37 -31
32 38 6
32 39 17
32 48 28
36 33 -4
36 34 16
36 35 -13
36 44 7
37 33 -8
37 34 -18
37 35 4
37 45 12
38 33 -28
38 34 12
38 35 7
38 46 23
39 33 24
39 34 -8
39 35 19
39 47 -28
33 49 -21
34 50 -20
35 51 -25
48 52 31
48 53 -11
48 54 15
48 55 20
48 64 -6
52 49 -10
52 50 -22
52 51 -6
52 60 -1
53 49 22
53 50 16
53 51 -11
53 61 -26
54 49 -10
54 50 -19
54 51 -14
54 62 5
55 49 21
55 50 -20
55 51 18
55 63 -19
49 65 -12
50 66 26
51 67 -12
64 68 17
64 69 26
64 70 27
64 71 -8
64 80 14
68 65 25
68 66 -12
68 67 10
68 76 18
69 65 22
69 66 23
69 67 -29
69 77 -4
70 65 0
70 66 -15
70 67 -9
70 78 -6
71 65 -21
71 66 28
71 67 5
71 79 -8
65 81 1
66 82 14
67 83 7
80 84 -10
80 85 26
80 86 11
80 87 -4
80 96 17
84 81 -1
84 82 -29
84 83 14
84 92 -16
85 81 -22
85 82 -7
85 83 11
85 93 19
86 81 -16
86 82 -1
86 83 23
86 94 -6
87 81 -22
87 82 -13
87 83 26
87 95 20
81 97 20
82 98 2
83 99 9
96 100 10
96 101 9
96 102 23
96 103 -9
96 112 31
100 97 -17
100 98 -22
100 99 5
100 108 -6
101 97 -22
101 98 -13
101 99 26
101 109 15
102 97 28
102 98 -7
102 99 15
102 110 31
103 97 23
103 98 -23
103 99 -26
103 111 31
97 113 7
98 114 29
99 115 -13
112 116 -12
112 117 -22
112 118 -9
112 119 8
116 113 28
116 114 -16
116 115 -26
116 124 16
117 113 17
117 114 -20
117 115 0
117 125 -30
118 113 -28
118 114 -28
118 115 21
118 126 14
119 113 -3
119 114 1
119 115 -2
119 127 -6
8 12 30
8 13 -11
8 14 -1
8 15 -19
8 24 29
12 9 29
12 10 24
12 11 1
13 9 -17
13 10 -31
13 11 28
14 9 11
14 10 1
14 11 -20
15 9 0
15 10 21
15 11 1
9 25 11
10 26 24
11 27 18
24 28 -20
24 29 -16
24 30 -17
24 31 12
24 40 -24
28 25 17
28 26 -12
28 27 -5
29 25 -11
29 26 29
29 27 -6
30 25 -10
30 26 20
30 27 -19
31 25 -9
31 26 -30
31 27 25
25 41 19
26 42 1
27 43 9
40 44 -25
40 45 -18
40 46 9
40 47 -15
40 56 -8
44 41 22
44 42 -31
44 43 -2
45 41 -7
45 42 23
45 43 8
46 41 -9
46 42 -13
46 43 -2
47 41 -14
47 42 -16
47 43 8
41 57 15
42 58 -15
43 59 -5
56 60 -5
56 61 29
56 62 3
56 63 10
56 72 -29
60 57 20
60 58 0
60 59 -17
61 57 -19
61 58 -21
61 59 1
62 57 11
62 58 -15
62 59 -25
63 57 11
63 58 20
63 59 20
57 73 6
58 74 17
59 75 17
72 76 15
72 77 15
72 78 2
72 79 9
72 88 -24
76 73 25
76 74 -4
76 75 -8
77 73 22
77 74 -15
77 75 4
78 73 -23
78 74 -26
78 75 -8
79 73 5
79 74 13
79 75 -27
73 89 12
74 90 -10
75 91 -20
88 92 -30
88 93 16
88 94 18
88 95 3
88 104 -25
92 89 -16
92 90 23
92 91 23
93 89 24
93 90 21
93 91 24
94 89 31
94 90 -29
94 91 27
95 89 29
95 90 -13
95 91 0
89 105 4
90 106 15
91 107 25
104 108 25
104 109 -17
104 110 26
104 111 -10
104 120 -6
108 105 5
108 106 -1
108 107 19
109 105 18
109 106 26
109 107 -12
110 105 15
110 106 6
110 107 -6
111 105 -24
111 106 -26
111 107 19
105 121 21
106 122 -11
107 123 31
120 124 16
120 125 18
120 126 15
120 127 -2
124 121 19
124 122 -31
124 123 -13
125 121 -31
125 122 -18
125 123 19
126 121 29
126 122 9
126 123 28
127 121 19
127 122 28
127 123 22
