0 0 15
4 4 14
5 5 -26
6 6 14
7 7 5
1 1 16
2 2 -24
3 3 12
48 48 -28
52 52 -30
53 53 -2
54 54 -4
55 55 -1
49 49 28
50 50 9
51 51 -29
96 96 31
100 100 -24
101 101 13
102 102 31
103 103 27
97 97 -24
98 98 27
99 99 21
144 144 5
148 148 -24
149 149 19
150 150 -31
151 151 -30
145 145 8
146 146 19
147 147 -27
192 192 -22
196 196 16
197 197 11
198 198 -25
199 199 -16
193 193 18
194 194 23
195 195 -24
240 240 5
244 244 -18
245 245 22
246 246 15
247 247 31
241 241 -10
242 242 -22
243 243 13
288 288 13
292 292 8
293 293 -9
294 294 13
295 295 17
289 289 -31
290 290 27
291 291 -14
336 336 2
340 340 23
341 341 -19
342 342 -1
343 343 5
337 337 -30
338 338 -18
339 339 -25
8 8 20
12 12 29
13 13 -2
14 14 23
15 15 -15
9 9 -23
10 10 -4
11 11 17
56 56 6
60 60 22
61 61 -18
62 62 -4
63 63 -2
57 57 -9
58 58 -13
59 59 -16
104 104 3
108 108 17
109 109 -18
110 110 -18
111 111 -17
105 105 -31
106 106 -18
107 107 -4
152 152 -19
156 156 -9
157 157 2
158 158 -1
159 159 28
153 153 26
154 154 -19
155 155 31
200 200 -21
204 204 17
205 205 -13
206 206 -24
207 207 -1
201 201 10
202 202 -31
203 203 -26
248 248 7
252 252 6
253 253 10
254 254 -18
255 255 25
249 249 16
250 250 17
251 251 -25
296 296 22
300 300 17
301 301 -17
302 302 11
303 303 16
297 297 -6
298 298 -1
299 299 7
344 344 -10
348 348 -7
349 349 -2
350 350 31
351 351 -10
345 345 -1
346 346 -12
347 347 16
16 16 17
20 20 -27
21 21 18
22 22 27
23 23 18
17 17 1
18 18 27
19 19 25
64 64 19
68 68 8
69 69 26
70 70 -7
71 71 -30
65 65 22
66 66 2
67 67 -29
112 112 12
116 116 22
117 117 -30
118 118 -17
119 119 9
113 113 -4
114 114 6
115 115 -15
160 160 -16
164 164 -24
165 165 26
166 166 -23
167 167 7
161 161 -12
162 162 7
163 163 25
208 208 13
212 212 -14
213 213 -13
214 214 -15
215 215 10
209 209 13
210 210 -10
211 211 20
256 256 -21
260 260 27
261 261 27
262 262 21
263 263 -31
257 257 -3
258 258 -3
259 259 -19
304 304 -25
308 308 -6
309 309 26
310 310 -1
311 311 -22
305 305 -4
306 306 14
307 307 5
352 352 0
356 356 -11
357 357 8
358 358 -24
359 359 -6
353 353 -14
354 354 -18
355 355 -2
24 24 -10
28 28 23
29 29 23
30 30 31
31 31 -23
25 25 9
26 26 -4
27 27 25
72 72 -3
76 76 18
77 77 11
78 78 -9
79 79 -28
73 73 25
74 74 14
75 75 3
120 120 -16
124 124 -2
125 125 14
126 126 17
127 127 -10
121 121 16
122 122 28
123 123 23
168 168 16
172 172 -7
173 173 -15
174 174 26
175 175 -1
169 169 10
170 170 21
171 171 -15
216 216 -12
220 220 -23
221 221 -8
222 222 -17
223 223 -1
217 217 12
218 218 -19
219 219 28
264 264 16
268 268 -3
269 269 8
270 270 19
271 271 14
265 265 5
266 266 -26
267 267 1
312 312 19
316 316 -19
317 317 -14
318 318 25
319 319 14
313 313 -27
314 314 -15
315 315 25
360 360 30
364 364 31
365 365 13
366 366 14
367 367 1
361 361 -25
362 362 1
363 363 27
32 32 -26
36 36 -17
37 37 -1
38 38 9
39 39 -7
33 33 -18
34 34 20
35 35 -1
80 80 9
84 84 -27
85 85 11
86 86 17
87 87 -20
81 81 -7
82 82 14
83 83 -4
128 128 28
132 132 -9
133 133 4
134 134 4
135 135 -18
129 129 30
130 130 -1
131 131 18
176 176 -18
180 180 -5
181 181 -19
182 182 -14
183 183 -22
177 177 -4
178 178 -22
179 179 15
224 224 -18
228 228 -22
229 229 7
230 230 -12
231 231 30
225 225 -1
226 226 21
227 227 30
272 272 -11
276 276 31
277 277 -4
278 278 -27
279 279 -19
273 273 -15
274 274 -20
275 275 7
320 320 22
324 324 28
325 325 0
326 326 -27
327 327 10
321 321 -13
322 322 4
323 323 1
368 368 -25
372 372 22
373 373 30
374 374 21
375 375 -8
369 369 -30
370 370 -31
371 371 -16
40 40 -20
44 44 -17
45 45 6
46 46 -2
47 47 15
41 41 -7
42 42 -22
43 43 -21
88 88 -13
92 92 -1
93 93 -29
94 94 30
95 95 -22
89 89 0
90 90 -9
91 91 20
136 136 -4
140 140 -18
141 141 15
142 142 18
143 143 13
137 137 18
138 138 -25
139 139 -21
184 184 22
188 188 31
189 189 -29
190 190 19
191 191 -25
185 185 -6
186 186 -15
187 187 18
232 232 14
236 236 -27
237 237 18
238 238 -18
239 239 26
233 233 1
234 234 -26
235 235 1
280 280 28
284 284 14
285 285 0
286 286 -4
287 287 11
281 281 -27
282 282 20
283 283 -20
328 328 22
332 332 -3
333 333 16
334 334 22
335 335 1
329 329 -14
330 330 -31
331 331 -18
376 376 10
380 380 24
381 381 7
382 382 23
383 383 9
377 377 -16
378 378 8
379 379 8
0 4 -11
0 5 -25
0 6 1
0 7 22
0 48 -15
4 1 25
4 2 -14
4 3 21
4 12 19
5 1 23
5 2 10
5 3 9
5 13 -29
6 1 -5
6 2 11
6 3 -6
6 14 15
7 1 -5
7 2 30
7 3 31
7 15 16
1 49 -23
2 50 -17
3 51 -25
48 52 0
48 53 -8
48 54 -7
48 55 3
48 96 15
52 49 -7
52 50 2
52 51 -17
52 60 -31
53 49 16
53 50 14
53 51 -7
53 61 -17
54 49 24
54 50 25
54 51 -22
54 62 -9
55 49 8
55 50 28
55 51 21
55 63 -5
49 97 -18
50 98 5
51 99 -13
96 100 -4
96 101 -29
96 102 22
96 103 7
96 144 -6
100 97 22
100 98 27
100 99 2
100 108 -17
101 97 -9
101 98 26
101 99 8
101 109 -9
102 97 28
102 98 30
102 99 -21
102 110 -23
103 97 24
103 98 8
103 99 30
103 111 0
97 145 -5
98 146 -16
99 147 -25
144 148 1
144 149 20
144 150 7
144 151 11
144 192 29
148 145 -4
148 146 1
148 147 27
148 156 10
149 145 1
149 146 3
149 147 15
149 157 28
150 145 28
150 146 11
150 147 31
150 158 -26
151 145 -2
151 146 22
151 147 -30
151 159 22
145 193 15
146 194 -30
147 195 -2
192 196 -24
192 197 24
192 198 13
192 199 -16
192 240 25
196 193 25
196 194 23
196 195 -31
196 204 0
197 193 23
197 194 -22
197 195 -29
197 205 -31
198 193 -24
198 194 21
198 195 -9
198 206 18
199 193 9
199 194 -21
199 195 -8
199 207 10
193 241 12
194 242 -21
195 243 -26
240 244 25
240 245 25
240 246 -17
240 247 -20
240 288 25
244 241 30
244 242 -16
244 243 -9
244 252 -7
245 241 24
245 242 13
245 243 27
245 253 -30
246 241 -9
246 242 24
246 243 8
246 254 20
247 241 -9
247 242 26
247 243 -7
247 255 -11
241 289 20
242 290 -12
243 291 -27
288 292 18
288 293 17
288 294 30
288 295 -27
288 336 22
292 289 3
292 290 -28
292 291 -27
292 300 10
293 289 7
293 290 -6
293 291 6
293 301 -21
294 289 -29
294 290 26
294 291 -16
294 302 23
295 289 -7
295 290 -17
295 291 28
295 303 -14
289 337 -16
290 338 -18
291 339 28
336 340 10
336 341 -15
336 342 -5
336 343 -22
340 337 -8
340 338 -26
340 339 5
340 348 15
341 337 25
341 338 -17
341 339 -18
341 349 -4
342 337 17
342 338 -15
342 339 0
342 350 27
343 337 -27
343 338 -9
343 339 11
343 351 31
8 12 26
8 13 6
8 14 -9
8 15 -19
8 56 29
12 9 -22
12 10 -21
12 11 8
12 20 14
13 9 -12
13 10 -19
13 11 -31
13 21 -21
14 9 13
14 10 -3
14 11 10
14 22 1
15 9 -13
15 10 20
15 11 27
15 23 7
9 57 -18
10 58 -16
11 59 -29
56 60 29
56 61 17
56 62 -18
56 63 -11
56 104 11
60 57 -19
60 58 -17
60 59 -19
60 68 18
61 57 9
61 58 3
61 59 16
61 69 -8
62 57 -7
62 58 -3
62 59 -30
62 70 -2
63 57 -24
63 58 -18
63 59 24
63 71 26
57 105 14
58 106 -26
59 107 -27
104 108 1
104 109 26
104 110 9
104 111 -8
104 152 -18
108 105 -22
108 106 18
108 107 18
108 116 16
109 105 12
109 106 -30
109 107 -1
109 117 17
110 105 27
110 106 14
110 107 -27
110 118 -24
111 105 -12
111 106 -8
111 107 8
111 119 13
105 153 5
106 154 31
107 155 -14
152 156 2
152 157 21
152 158 0
152 159 31
152 200 -12
156 153 -9
156 154 27
156 155 -8
156 164 -31
157 153 21
157 154 27
157 155 -29
157 165 22
158 153 -26
158 154 -2
158 155 9
158 166 -6
159 153 -22
159 154 21
159 155 -5
159 167 -5
153 201 -1
154 202 9
155 203 -18
200 204 -16
200 205 28
200 206 17
200 207 10
200 248 12
204 201 31
204 202 17
204 203 14
204 212 -3
205 201 9
205 202 4
205 203 3
205 213 16
206 201 -18
206 202 29
206 203 -9
206 214 29
207 201 1
207 202 -17
207 203 13
207 215 5
201 249 12
202 250 -14
203 251 4
248 252 10
248 253 9
248 254 -31
248 255 11
248 296 -6
252 249 27
252 250 -20
252 251 -2
252 260 30
253 249 4
253 250 14
253 251 20
253 261 1
254 249 -10
254 250 -1
254 251 -22
254 262 -12
255 249 -18
255 250 -18
255 251 31
255 263 8
249 297 18
250 298 1
251 299 26
296 300 -20
296 301 22
296 302 -26
296 303 29
296 344 -30
300 297 -18
300 298 -4
300 299 -1
300 308 -27
301 297 -5
301 298 27
301 299 20
301 309 -19
302 297 -16
302 298 24
302 299 -28
302 310 -22
303 297 22
303 298 -20
303 299 -27
303 311 -22
297 345 -6
298 346 3
299 347 15
344 348 -21
344 349 19
344 350 -24
344 351 25
348 345 8
348 346 23
348 347 20
348 356 -22
349 345 -8
349 346 -15
349 347 -23
349 357 5
350 345 -27
350 346 -23
350 347 23
350 358 13
351 345 27
351 346 8
351 347 -22
351 359 -20
16 20 15
16 21 3
16 22 10
16 23 10
16 64 25
20 17 -17
20 18 -30
20 19 -14
20 28 17
21 17 -25
21 18 -30
21 19 -9
21 29 -7
22 17 -25
22 18 -29
22 19 -13
22 30 -2
23 17 15
23 18 11
23 19 -24
23 31 -3
17 65 -14
18 66 -19
19 67 -21
64 68 -22
64 69 26
64 70 23
64 71 19
64 112 -3
68 65 5
68 66 -19
68 67 -3
68 76 9
69 65 -19
69 66 -4
69 67 29
69 77 -23
70 65 -31
70 66 -29
70 67 -15
70 78 -5
71 65 -17
71 66 -30
71 67 -30
71 79 -24
65 113 -14
66 114 20
67 115 26
112 116 -28
112 117 17
112 118 -30
112 119 20
112 160 23
116 113 16
116 114 -19
116 115 -23
116 124 -5
117 113 27
117 114 12
117 115 23
117 125 -24
118 113 27
118 114 6
118 115 -25
118 126 -30
119 113 19
119 114 -19
119 115 -28
119 127 13
113 161 -17
114 162 31
115 163 4
160 164 18
160 165 -6
160 166 14
160 167 18
160 208 28
164 161 8
164 162 -7
164 163 -19
164 172 10
165 161 -4
165 162 18
165 163 14
165 173 -28
166 161 -19
166 162 -22
166 163 -12
166 174 1
167 161 -16
167 162 -25
167 163 -14
167 175 -27
161 209 -23
162 210 -22
163 211 -14
208 212 19
208 213 2
208 214 -2
208 215 -20
208 256 -25
212 209 15
212 210 2
212 211 26
212 220 0
213 209 -10
213 210 -24
213 211 -3
213 221 28
214 209 26
214 210 -1
214 211 -2
214 222 0
215 209 20
215 210 8
215 211 9
215 223 7
209 257 -5
210 258 17
211 259 -12
256 260 -23
256 261 -28
256 262 -1
256 263 10
256 304 -12
260 257 -27
260 258 -9
260 259 13
260 268 7
261 257 22
261 258 -17
261 259 -15
261 269 -7
262 257 -10
262 258 18
262 259 -16
262 270 14
263 257 -1
263 258 29
263 259 -27
263 271 -3
257 305 -5
258 306 11
259 307 1
304 308 -28
304 309 -11
304 310 2
304 311 -15
304 352 7
308 305 6
308 306 -1
308 307 13
308 316 1
309 305 -26
309 306 -25
309 307 3
309 317 -1
310 305 0
310 306 14
310 307 15
310 318 -12
311 305 20
311 306 -27
311 307 -4
311 319 -8
305 353 0
306 354 13
307 355 -17
352 356 8
352 357 25
352 358 -25
352 359 -6
356 353 20
356 354 -2
356 355 -4
356 364 -13
357 353 24
357 354 9
357 355 26
357 365 11
358 353 29
358 354 2
358 355 25
358 366 -10
359 353 6
359 354 -16
359 355 -5
359 367 15
24 28 -20
24 29 -27
24 30 2
24 31 -26
24 72 15
28 25 -3
28 26 12
28 27 12
28 36 -4
29 25 21
29 26 -12
29 27 23
29 37 3
30 25 15
30 26 -29
30 27 -10
30 38 -6
31 25 -17
31 26 -16
31 27 -14
31 39 4
25 73 21
26 74 2
27 75 -5
72 76 -6
72 77 -27
72 78 -7
72 79 -2
72 120 -5
76 73 -23
76 74 12
76 75 16
76 84 3
77 73 26
77 74 -22
77 75 5
77 85 27
78 73 30
78 74 -23
78 75 7
78 86 -23
79 73 -2
79 74 25
79 75 22
79 87 23
73 121 24
74 122 4
75 123 7
120 124 19
120 125 -25
120 126 0
120 127 -8
120 168 26
124 121 -29
124 122 0
124 123 -8
124 132 -23
125 121 -16
125 122 -27
125 123 27
125 133 -4
126 121 8
126 122 3
126 123 -25
126 134 1
127 121 11
127 122 24
127 123 -9
127 135 23
121 169 -23
122 170 -27
123 171 -28
168 172 -30
168 173 29
168 174 -26
168 175 29
168 216 15
172 169 22
172 170 20
172 171 12
172 180 -9
173 169 -7
173 170 14
173 171 -26
173 181 29
174 169 -26
174 170 -30
174 171 20
174 182 -24
175 169 -30
175 170 5
175 171 26
175 183 -3
169 217 15
170 218 -3
171 219 -18
216 220 4
216 221 -1
216 222 -6
216 223 18
216 264 -6
220 217 -28
220 218 -22
220 219 16
220 228 -10
221 217 -29
221 218 -28
221 219 -16
221 229 23
222 217 10
222 218 26
222 219 6
222 230 23
223 217 0
223 218 -17
223 219 5
223 231 -24
217 265 7
218 266 26
219 267 -4
264 268 -30
264 269 2
264 270 -6
264 271 -24
264 312 8
268 265 0
268 266 -16
268 267 30
268 276 -26
269 265 -26
269 266 21
269 267 -23
269 277 20
270 265 -26
270 266 -30
270 267 16
270 278 11
271 265 7
271 266 15
271 267 29
271 279 -20
265 313 -5
266 314 -15
267 315 10
312 316 20
312 317 13
312 318 29
312 319 13
312 360 -24
316 313 25
316 314 -25
316 315 -25
316 324 -27
317 313 -12
317 314 16
317 315 -10
317 325 -12
318 313 25
318 314 11
318 315 16
318 326 23
319 313 -22
319 314 28
319 315 5
319 327 6
313 361 8
314 362 3
315 363 -9
360 364 26
360 365 11
360 366 26
360 367 -10
364 361 1
364 362 -9
364 363 -21
364 372 -2
365 361 -14
365 362 -27
365 363 5
365 373 6
366 361 -28
366 362 19
366 363 -4
366 374 17
367 361 7
367 362 -16
367 363 28
367 375 12
32 36 25
32 37 10
32 38 -7
32 39 -24
32 80 -31
36 33 -20
36 34 -29
36 35 22
36 44 -26
37 33 9
37 34 6
37 35 30
37 45 7
38 33 24
38 34 -3
38 35 14
38 46 28
39 33 -13
39 34 -27
39 35 19
39 47 8
33 81 -20
34 82 -15
35 83 -15
80 84 10
80 85 -6
80 86 -19
80 87 -23
80 128 -9
84 81 -30
84 82 28
84 83 -6
84 92 1
85 81 4
85 82 12
85 83 -28
85 93 -15
86 81 25
86 82 1
86 83 -13
86 94 -4
87 81 -15
87 82 10
87 83 -21
87 95 -10
81 129 29
82 130 5
83 131 31
128 132 -15
128 133 27
128 134 -23
128 135 23
128 176 -19
132 129 10
132 130 -22
132 131 -7
132 140 -22
133 129 10
133 130 -16
133 131 12
133 141 -25
134 129 -20
134 130 -23
134 131 4
134 142 -14
135 129 3
135 130 -9
135 131 26
135 143 0
129 177 6
130 178 -12
131 179 3
176 180 22
176 181 -14
176 182 14
176 183 29
176 224 29
180 177 -30
180 178 -24
180 179 26
180 188 -30
181 177 -28
181 178 -21
181 179 31
181 189 3
182 177 -11
182 178 31
182 179 10
182 190 -14
183 177 9
183 178 4
183 179 6
183 191 18
177 225 -12
178 226 9
179 227 30
224 228 -6
224 229 23
224 230 14
224 231 1
224 272 -19
228 225 6
228 226 -21
228 227 -8
228 236 18
229 225 13
229 226 0
229 227 25
229 237 9
230 225 9
230 226 8
230 227 -7
230 238 -4
231 225 17
231 226 -25
231 227 -10
231 239 12
225 273 -21
226 274 30
227 275 -22
272 276 -20
272 277 -10
272 278 15
272 279 -8
272 320 -12
276 273 7
276 274 -14
276 275 7
276 284 -11
277 273 6
277 274 -8
277 275 -25
277 285 25
278 273 29
278 274 -31
278 275 23
278 286 27
279 273 -14
279 274 -4
279 275 -3
279 287 -27
273 321 28
274 322 -30
275 323 10
320 324 26
320 325 -20
320 326 13
320 327 -23
320 368 -2
324 321 23
324 322 -31
324 323 27
324 332 15
325 321 23
325 322 6
325 323 22
325 333 -1
326 321 -26
326 322 28
326 323 -31
326 334 12
327 321 11
327 322 -11
327 323 20
327 335 9
321 369 0
322 370 -7
323 371 -10
368 372 -3
368 373 28
368 374 6
368 375 -9
372 369 1
372 370 -28
372 371 -17
372 380 -7
373 369 17
373 370 -21
373 371 -4
373 381 8
374 369 -9
374 370 -17
374 371 3
374 382 -29
375 369 -3
375 370 -25
375 371 -9
375 383 14
40 44 -12
40 45 -27
40 46 7
40 47 -11
40 88 24
44 41 9
44 42 4
44 43 -20
45 41 -29
45 42 -14
45 43 -9
46 41 -13
46 42 9
46 43 -19
47 41 19
47 42 8
47 43 18
41 89 19
42 90 6
43 91 -1
88 92 15
88 93 7
88 94 -1
88 95 -28
88 136 -16
92 89 11
92 90 8
92 91 9
93 89 -15
93 90 -12
93 91 31
94 89 14
94 90 -10
94 91 -23
95 89 -19
95 90 -7
95 91 -2
89 137 3
90 138 23
91 139 -7
136 140 -4
136 141 -26
136 142 6
136 143 -15
136 184 -14
140 137 -7
140 138 -20
140 139 -19
141 137 21
141 138 26
141 139 9
142 137 -8
142 138 -10
142 139 0
143 137 -5
143 138 -29
143 139 6
137 185 -3
138 186 29
139 187 2
184 188 -22
184 189 24
184 190 -19
184 191 -18
184 232 0
188 185 -31
188 186 -14
188 187 -16
189 185 10
189 186 31
189 187 20
190 185 29
190 186 -16
190 187 -23
191 185 -21
191 186 31
191 187 -20
185 233 9
186 234 -21
187 235 23
232 236 1
232 237 -30
232 238 8
232 239 -14
232 280 1
236 233 -20
236 234 15
236 235 30
237 233 -25
237 234 -27
237 235 27
238 233 -19
238 234 20
238 235 -6
239 233 -21
239 234 17
239 235 -22
233 281 31
234 282 4
235 283 2
280 284 -17
280 285 -4
280 286 -9
280 287 -12
280 328 14
284 281 -2
284 282 -5
284 283 16
285 281 -10
285 282 -4
285 283 23
286 281 14
286 282 -8
286 283 1
287 281 17
287 282 7
287 283 -2
281 329 -11
282 330 6
283 331 11
328 332 3
328 333 -6
328 334 21
328 335 2
328 376 -4
332 329 0
332 330 29
332 331 23
333 329 -31
333 330 -2
333 331 11
334 329 2
334 330 -7
334 331 19
335 329 29
335 330 12
335 331 -5
329 377 17
330 378 30
331 379 -27
376 380 -9
376 381 14
376 382 6
376 383 17
380 377 8
380 378 -11
380 379 3
381 377 23
381 378 25
381 379 -5
382 377 27
382 378 31
382 379 25
383 377 -23
383 378 20
383 379 -12
