0 0 15
4 4 11
5 5 -3
6 6 14
7 7 4
1 1 1
2 2 27
3 3 -6
32 32 -23
36 36 -21
37 37 -22
38 38 -17
39 39 29
33 33 -6
34 34 -18
35 35 -2
64 64 14
68 68 -8
69 69 10
70 70 21
71 71 0
65 65 2
66 66 18
67 67 13
96 96 20
100 100 -3
101 101 23
102 102 -22
103 103 -22
97 97 -3
98 98 26
99 99 25
128 128 5
132 132 -18
133 133 -11
134 134 22
135 135 18
129 129 24
130 130 12
131 131 -9
160 160 -20
164 164 -21
165 165 21
166 166 10
167 167 -5
161 161 -27
162 162 -24
163 163 21
192 192 -5
196 196 -14
197 197 7
198 198 -12
199 199 24
193 193 0
194 194 15
195 195 17
224 224 13
228 228 -13
229 229 -24
230 230 -10
231 231 -5
225 225 4
226 226 -5
227 227 -6
8 8 -28
12 12 23
13 13 -8
14 14 -11
15 15 27
9 9 -3
10 10 -2
11 11 25
40 40 -8
44 44 -17
45 45 5
46 46 30
47 47 4
41 41 21
42 42 27
43 43 -12
72 72 -25
76 76 17
77 77 28
78 78 -18
79 79 14
73 73 -18
74 74 -8
75 75 2
104 104 -23
108 108 18
109 109 -27
110 110 15
111 111 -7
105 105 -9
106 106 29
107 107 4
136 136 -20
140 140 -22
141 141 23
142 142 24
143 143 -22
137 137 -13
138 138 13
139 139 31
168 168 11
172 172 -28
173 173 23
174 174 19
175 175 4
169 169 0
170 170 -6
171 171 -23
200 200 13
204 204 14
205 205 -24
206 206 -15
207 207 20
201 201 30
202 202 -31
203 203 11
232 232 17
236 236 1
237 237 0
238 238 10
239 239 -28
233 233 8
234 234 2
235 235 -30
16 16 -29
20 20 1
21 21 -5
22 22 19
23 23 27
17 17 5
18 18 -28
19 19 -9
48 48 -5
52 52 13
53 53 -31
54 54 -17
55 55 16
49 49 -25
50 50 9
51 51 -24
80 80 -11
84 84 -23
85 85 -2
86 86 21
87 87 3
81 81 14
82 82 12
83 83 -15
112 112 6
116 116 -11
117 117 -18
118 118 -21
119 119 6
113 113 30
114 114 -29
115 115 -27
144 144 -23
148 148 -13
149 149 -27
150 150 -1
151 151 -11
145 145 30
146 146 4
147 147 8
176 176 8
180 180 31
181 181 10
182 182 27
183 183 3
177 177 1
178 178 24
179 179 14
208 208 25
212 212 20
213 213 16
214 214 2
215 215 -11
209 209 -10
210 210 -27
211 211 -30
240 240 -24
244 244 -5
245 245 -6
246 246 -2
247 247 7
241 241 28
242 242 3
243 243 17
24 24 -11
28 28 9
29 29 -26
30 30 3
31 31 23
25 25 3
26 26 -18
27 27 11
56 56 8
60 60 13
61 61 18
62 62 9
63 63 4
57 57 18
58 58 -15
59 59 9
88 88 15
92 92 -18
93 93 -13
94 94 22
95 95 23
89 89 -2
90 90 20
91 91 -5
120 120 9
124 124 30
125 125 13
126 126 1
127 127 21
121 121 -21
122 122 -18
123 123 -20
152 152 -1
156 156 5
157 157 -2
158 158 -26
159 159 26
153 153 -31
154 154 -7
155 155 2
184 184 2
188 188 7
189 189 -12
190 190 22
191 191 14
185 185 2
186 186 22
187 187 -4
216 216 -26
220 220 15
221 221 15
222 222 -17
223 223 29
217 217 27
218 218 -1
219 219 -3
248 248 20
252 252 28
253 253 -29
254 254 -21
255 255 15
249 249 14
250 250 17
251 251 4
0 4 -7
0 5 15
0 6 10
0 7 4
0 32 -31
4 1 26
4 2 4
4 3 21
4 12 -28
5 1 1
5 2 -9
5 3 -8
5 13 -13
6 1 -13
6 2 7
6 3 7
6 14 0
7 1 30
7 2 8
7 3 21
7 15 20
1 33 -16
2 34 -25
3 35 21
32 36 19
32 37 -16
32 38 -25
32 39 -9
32 64 0
36 33 18
36 34 7
36 35 16
36 44 19
37 33 16
37 34 -20
37 35 -10
37 45 7
38 33 15
38 34 27
38 35 24
38 46 -11
39 33 5
39 34 -18
39 35 -29
39 47 27
33 65 -26
34 66 2
35 67 10
64 68 -29
64 69 23
64 70 7
64 71 30
64 96 -21
68 65 -1
68 66 -7
68 67 -24
68 76 -29
69 65 7
69 66 -22
69 67 -27
69 77 -6
70 65 -28
70 66 -13
70 67 -7
70 78 17
71 65 -18
71 66 12
71 67 3
71 79 -26
65 97 -9
66 98 27
67 99 7
96 100 -13
96 101 22
96 102 28
96 103 -4
96 128 -13
100 97 -24
100 98 12
100 99 16
100 108 6
101 97 -31
101 98 -28
101 99 16
101 109 11
102 97 -30
102 98 2
102 99 26
102 110 -7
103 97 0
103 98 -6
103 99 -31
103 111 -24
97 129 8
98 130 22
99 131 17
128 132 -27
128 133 12
128 134 1
128 135 -28
128 160 31
132 129 -7
132 130 -6
132 131 -26
132 140 8
133 129 17
133 130 -18
133 131 21
133 141 -31
134 129 9
134 130 -27
134 131 23
134 142 -26
135 129 25
135 130 -21
135 131 29
135 143 -18
129 161 -14
130 162 15
131 163 4
160 164 -30
160 165 -14
160 166 -20
160 167 -14
160 192 14
164 161 -2
164 162 9
164 163 28
164 172 -29
165 161 12
165 162 27
165 163 17
165 173 13
166 161 20
166 162 14
166 163 21
166 174 18
167 161 -20
167 162 17
167 163 25
167 175 25
161 193 13
162 194 -8
163 195 -25
192 196 -1
192 197 12
192 198 9
192 199 30
192 224 30
196 193 14
196 194 14
196 195 19
196 204 3
197 193 11
197 194 8
197 195 -1
197 205 -16
198 193 -10
198 194 -30
198 195 18
198 206 -10
199 193 11
199 194 10
199 195 6
199 207 18
193 225 -3
194 226 29
195 227 5
224 228 -10
224 229 -17
224 230 9
224 231 28
228 225 0
228 226 -18
228 227 -29
228 236 21
229 225 -4
229 226 -3
229 227 -2
229 237 -6
230 225 -20
230 226 0
230 227 -17
230 238 -28
231 225 -30
231 226 10
231 227 -31
231 239 -18
8 12 5
8 13 -27
8 14 -30
8 15 -4
8 40 -31
12 9 1
12 10 19
12 11 -12
12 20 4
13 9 4
13 10 6
13 11 16
13 21 -2
14 9 -28
14 10 10
14 11 -2
14 22 28
15 9 5
15 10 -18
15 11 -28
15 23 -25
9 41 -11
10 42 16
11 43 30
40 44 -30
40 45 12
40 46 12
40 47 -6
40 72 -3
44 41 -29
44 42 26
44 43 23
44 52 -30
45 41 6
45 42 5
45 43 6
45 53 -9
46 41 7
46 42 27
46 43 16
46 54 -30
47 41 4
47 42 21
47 43 5
47 55 20
41 73 -6
42 74 7
43 75 -9
72 76 24
72 77 31
72 78 2
72 79 -16
72 104 26
76 73 -6
76 74 -23
76 75 24
76 84 9
77 73 -25
77 74 -20
77 75 -14
77 85 10
78 73 26
78 74 -31
78 75 -20
78 86 21
79 73 20
79 74 -22
79 75 2
79 87 -16
73 105 26
74 106 -3
75 107 27
104 108 -7
104 109 -7
104 110 0
104 111 -4
104 136 -25
108 105 -23
108 106 -25
108 107 31
108 116 18
109 105 -8
109 106 -13
109 107 -14
109 117 3
110 105 26
110 106 12
110 107 8
110 118 17
111 105 30
111 106 -31
111 107 10
111 119 -10
105 137 -31
106 138 -12
107 139 12
136 140 16
136 141 13
136 142 -27
136 143 12
136 168 6
140 137 0
140 138 12
140 139 -19
140 148 -17
141 137 10
141 138 30
141 139 26
141 149 -31
142 137 -26
142 138 26
142 139 -26
142 150 13
143 137 -29
143 138 16
143 139 31
143 151 10
137 169 -1
138 170 18
139 171 -8
168 172 -29
168 173 -6
168 174 -17
168 175 7
168 200 8
172 169 19
172 170 24
172 171 13
172 180 -26
173 169 -23
173 170 -27
173 171 17
173 181 14
174 169 21
174 170 30
174 171 -5
174 182 13
175 169 -19
175 170 -2
175 171 -14
175 183 22
169 201 25
170 202 -14
171 203 7
200 204 12
200 205 -13
200 206 -20
200 207 -24
200 232 -12
204 201 -28
204 202 -12
204 203 -29
204 212 9
205 201 -15
205 202 28
205 203 -1
205 213 12
206 201 10
206 202 31
206 203 5
206 214 -27
207 201 -30
207 202 -31
207 203 31
207 215 4
201 233 24
202 234 15
203 235 -14
232 236 3
232 237 19
232 238 15
232 239 -21
236 233 11
236 234 28
236 235 -27
236 244 31
237 233 -14
237 234 -28
237 235 -13
237 245 -14
238 233 23
238 234 -3
238 235 -13
238 246 14
239 233 -21
239 234 26
239 235 20
239 247 -22
16 20 -28
16 21 -14
16 22 -8
16 23 -27
16 48 17
20 17 8
20 18 -12
20 19 -21
20 28 -16
21 17 -7
21 18 31
21 19 1
21 29 -7
22 17 26
22 18 1
22 19 30
22 30 -26
23 17 28
23 18 -9
23 19 20
23 31 25
17 49 -5
18 50 0
19 51 -8
48 52 -1
48 53 0
48 54 17
48 55 30
48 80 -3
52 49 -11
52 50 -21
52 51 2
52 60 -14
53 49 -30
53 50 11
53 51 2
53 61 30
54 49 24
54 50 -9
54 51 -7
54 62 -12
55 49 -17
55 50 10
55 51 -21
55 63 -25
49 81 -18
50 82 12
51 83 19
80 84 22
80 85 18
80 86 -9
80 87 5
80 112 -15
84 81 -8
84 82 27
84 83 -10
84 92 30
85 81 -29
85 82 -13
85 83 9
85 93 0
86 81 -21
86 82 2
86 83 -24
86 94 16
87 81 3
87 82 -17
87 83 29
87 95 -30
81 113 12
82 114 24
83 115 6
112 116 26
112 117 13
112 118 6
112 119 -28
112 144 -15
116 113 -17
116 114 -7
116 115 21
116 124 -16
117 113 -1
117 114 -3
117 115 4
117 125 20
118 113 24
118 114 -6
118 115 1
118 126 -19
119 113 -13
119 114 5
119 115 -24
119 127 -11
113 145 13
114 146 14
115 147 -1
144 148 -11
144 149 -25
144 150 8
144 151 9
144 176 22
148 145 -6
148 146 20
148 147 21
148 156 -21
149 145 27
149 146 25
149 147 23
149 157 25
150 145 -4
150 146 27
150 147 0
150 158 29
151 145 24
151 146 24
151 147 -3
151 159 11
145 177 0
146 178 28
147 179 -27
176 180 -18
176 181 -2
176 182 11
176 183 -4
176 208 0
180 177 23
180 178 15
180 179 26
180 188 -25
181 177 -14
181 178 -14
181 179 -19
181 189 -25
182 177 7
182 178 28
182 179 -19
182 190 -5
183 177 -1
183 178 -23
183 179 21
183 191 12
177 209 -16
178 210 2
179 211 -22
208 212 7
208 213 -10
208 214 1
208 215 -26
208 240 -2
212 209 15
212 210 -21
212 211 -5
212 220 19
213 209 13
213 210 17
213 211 28
213 221 27
214 209 22
214 210 11
214 211 9
214 222 -4
215 209 -11
215 210 18
215 211 25
215 223 0
209 241 -5
210 242 -9
211 243 22
240 244 -6
240 245 27
240 246 -11
240 247 -18
244 241 23
244 242 -18
244 243 4
244 252 15
245 241 7
245 242 -28
245 243 -14
245 253 16
246 241 -7
246 242 -15
246 243 3
246 254 10
247 241 14
247 242 -2
247 243 -11
247 255 -19
24 28 29
24 29 30
24 30 15
24 31 -4
24 56 -24
28 25 24
28 26 -3
28 27 -21
29 25 26
29 26 -7
29 27 16
30 25 -6
30 26 -20
30 27 22
31 25 18
31 26 19
31 27 -11
25 57 23
26 58 17
27 59 -24
56 60 20
56 61 0
56 62 -24
56 63 -25
56 88 -2
60 57 26
60 58 -28
60 59 -25
61 57 20
61 58 -14
61 59 14
62 57 30
62 58 -6
62 59 21
63 57 24
63 58 -22
63 59 18
57 89 -1
58 90 15
59 91 -18
88 92 -1
88 93 18
88 94 -20
88 95 20
88 120 -27
92 89 10
92 90 25
92 91 17
93 89 -14
93 90 -30
93 91 11
94 89 30
94 90 12
94 91 -4
95 89 13
95 90 24
95 91 -20
89 121 -11
90 122 -18
91 123 -17
120 124 -2
120 125 -16
120 126 16
120 127 -21
120 152 5
124 121 -4
124 122 -31
124 123 13
125 121 -22
125 122 -19
125 123 16
126 121 8
126 122 9
126 123 -23
127 121 -30
127 122 -22
127 123 -23
121 153 23
122 154 -19
123 155 0
152 156 1
152 157 7
152 158 6
152 159 13
152 184 29
156 153 -28
156 154 18
156 155 11
157 153 8
157 154 18
157 155 6
158 153 -30
158 154 14
158 155 22
159 153 18
159 154 -1
159 155 6
153 185 -13
154 186 -11
155 187 16
184 188 -6
184 189 19
184 190 22
184 191 29
184 216 23
188 185 -15
188 186 -29
188 187 -25
189 185 4
189 186 21
189 187 -2
190 185 -4
190 186 -20
190 187 17
191 185 -31
191 186 29
191 187 1
185 217 -14
186 218 9
187 219 15
216 220 -14
216 221 11
216 222 -3
216 223 17
216 248 25
220 217 7
220 218 7
220 219 3
221 217 15
221 218 -9
221 219 25
222 217 25
222 218 -22
222 219 -28
223 217 22
223 218 -19
223 219 15
217 249 -7
218 250 17
219 251 24
248 252 16
248 253 -29
248 254 31
248 255 16
252 249 -17
252 250 1
252 251 -21
253 249 -13
253 250 -20
253 251 -26
254 249 -12
254 250 25
254 251 -30
255 249 6
255 250 20
255 251 17
