3075 3075 -0.2790551724567536
135 135 0.004271161325173356
2955 2955 0.8702868305403793
270 270 0.6590522126230498
3090 3090 0.8647894169654002
150 150 -0.13517135427093963
2970 2970 -0.4153566817988126
285 285 0.8806883126166836
30 30 0.2048728850584849
3105 3105 0.12785425985109478
165 165 -0.1772601048003155
2985 2985 0.905961675015158
300 300 0.8480870818103825
45 45 -0.7550247289552918
3120 3120 -0.34663340020537725
180 180 -0.0716583139278657
3000 3000 0.7983830770363753
315 315 -0.592369915374011
60 60 -0.26927515801841784
3135 3135 -0.344658488064145
195 195 0.21040844542955162
3015 3015 -0.42858048220594824
75 75 0.9457970422242716
3150 3150 0.8402687002891416
210 210 -0.6914370625888979
3030 3030 0.38089638432324335
90 90 0.6311000557488815
3165 3165 0.6292904665327308
2910 2910 -0.012823344987415553
225 225 0.719062582309703
3045 3045 -0.7802642981611032
105 105 -0.6721281542060513
3180 3180 0.8172200531376486
2925 2925 -0.9752036821391792
240 240 0.5958646331487907
3060 3060 -0.7653248824610854
120 120 0.36339027511918065
3195 3195 -0.4752235200904984
2940 2940 0.8350996110643307
255 255 0.8873649044785803
3075 90 0.7027369423019367
3075 105 0.30999870094114246
3075 120 0.30816587186887623
3075 135 -0.7700784334599924
3075 150 -0.5272722676207053
3075 165 0.5108843879758975
3075 180 -0.22225317154700597
3075 195 0.15672521585037202
3075 210 -0.19780896036742224
3075 225 -0.9735620707971155
3075 240 0.2656699560430069
3075 255 0.8368835708474958
3075 3060 0.9222128502506597
135 120 0.18894083890312086
135 2970 0.6238727305700953
135 2985 -0.12536870573996484
135 3060 0.30115422962763727
135 3090 0.022865178864534652
135 3105 -0.5623942974959872
135 3120 -0.43328166227261344
135 3135 0.21168113501333252
2955 30 -0.9363349547936921
2955 45 0.5629731368022677
2955 180 0.20971551997148397
2955 195 0.6885109774992231
2955 2940 0.4392848750158902
270 285 0.42583869183637546
270 3030 -0.7572704252474771
270 3045 0.8475485119590809
270 3180 -0.6401804080289459
270 3195 -0.4756388608870896
3090 90 0.36096855035950237
3090 105 -0.060071383604786366
3090 120 -0.906330975520661
3090 150 -0.7775394540412883
3090 165 0.9906455715426385
3090 240 0.4535310491873714
3090 255 -0.721030873560542
3090 3105 0.7585594594194938
150 165 0.43023551763019086
150 2970 -0.6043626653660121
150 2985 0.42056922387460394
150 3000 0.546790744439777
150 3015 -0.9012623554489929
150 3030 0.0836148001026149
150 3045 -0.6125009804795742
150 3060 -0.5342524271384981
150 3105 0.5395601969441421
150 3120 -0.14233003217489126
150 3135 0.781725045706555
2970 30 -0.8134145191056383
2970 45 0.8416514520578515
2970 120 -0.5377755374689703
2970 165 -0.5560974044481448
2970 180 -0.04772091940238665
2970 195 -0.21840676665794123
2970 2985 0.5151527853946873
285 3030 0.6292797377332373
285 3045 0.5707575571818184
285 3180 0.5635826993705058
285 3195 -0.9706919140001653
30 45 0.6159742428022748
30 2940 0.4527594517677067
30 2985 -0.3184492748324814
3105 90 -0.21422601123098883
3105 105 0.3963416548583092
3105 120 0.8541688761758677
3105 165 0.29171932097969533
3105 240 -0.23843737694329126
3105 255 0.07846249149461659
165 2985 -0.2949363665510487
165 3000 0.17456820254161265
165 3015 0.4981484483331373
165 3030 0.8072449486832725
165 3045 0.9165272759908067
165 3060 0.6616655075073625
165 3120 -0.45199020013487634
165 3135 -0.5509516449947984
2985 45 -0.21451688778719613
2985 120 -0.06086793609535235
2985 180 0.2926555112379341
2985 195 -0.9723978464689143
300 315 -0.6916613011159218
300 3000 0.0701890382149628
300 3015 -0.2461546263122094
300 3030 0.9644656618948013
300 3045 -0.07993187397653911
45 2940 0.42868615491402595
3120 60 -0.41686883127450747
3120 75 0.7649843314339844
3120 90 -0.2505081775860014
3120 105 0.14702438655369177
3120 120 0.16346967067937435
3120 3135 0.2732659817175236
180 195 -0.37419136826230215
180 2910 -0.30761949556502644
180 2925 -0.12966806976953338
180 2940 -0.13802743198906686
180 3000 0.08111836775994186
180 3015 -0.5477347953505589
180 3030 -0.21111997902167046
180 3045 -0.41035692763975673
180 3060 0.6650706365660224
3000 195 0.6168364417022925
3000 210 -0.643879341881439
3000 225 -0.24948341867391455
3000 315 -0.026637664531780514
3000 3015 -0.9852170039082926
315 3015 -0.7909199848914266
315 3030 0.7922683665955916
315 3045 0.9210030516381877
60 75 -0.6858964338388023
60 3135 0.8937411894123539
60 3150 0.42075765879609883
60 3165 0.018602141580619458
3135 75 -0.2885489224014275
3135 90 -0.3332903617065952
3135 105 0.751654660619246
3135 120 -0.9673277829796525
195 2910 0.7060559361622702
195 2925 0.16566269082560825
195 2940 0.9634323375107094
195 3015 0.21851623368604223
195 3030 0.3570748421130996
195 3045 -0.7488524270032182
195 3060 0.8233380893865863
3015 210 0.45129450544759364
3015 225 0.9571438853345695
75 3150 -0.9119210768797497
75 3165 0.515764323157134
3150 90 0.06228507798560523
3150 105 0.966412996465146
3150 3165 -0.4531831823001715
210 225 0.6629649203641783
210 2910 0.030651464565307096
210 2925 0.331121151513621
210 3030 -0.24493562450685324
210 3045 -0.40474074516331426
210 3060 -0.9386264498897066
3030 225 0.15091164112861644
3030 240 -0.24676093512863817
3030 255 -0.6010681515799228
3030 3045 -0.34311641490330724
90 105 -0.9543853823030608
90 3060 -0.06820489410260633
90 3165 -0.8518168765706597
3165 105 -0.5866626822452166
2910 225 0.7640768949801846
2910 2925 -0.87293160498994
225 2925 0.2522508690758545
225 3045 0.09549192046858446
225 3060 -0.4881140846184371
3045 240 -0.33316551649001513
3045 255 0.1146465736642226
105 3060 0.08729352406748525
3180 240 0.9184480091775962
3180 255 -0.22083982685992143
3180 3195 0.9143144216528889
240 255 0.9850469958126109
240 3060 -0.2687607829608132
240 3195 -0.5299918414304161
3060 120 0.2785222757572934
3060 255 -0.09295607700765407
3195 255 -0.08075752521209911
