0 0 0.26470751668649295
1 1 0.7756575877155678
2 2 0.4461396750827007
3 3 -0.47612049521357047
4 4 -0.667502707294376
5 5 0.1775304860114717
6 6 -0.5423207681230395
7 7 0.3699587380077387
8 8 -0.9494594143570068
9 9 -0.5751538743070812
10 10 -0.1951225992851746
11 11 -0.8489738024899249
12 12 -0.5855990871886569
13 13 -0.8557929073988189
14 14 0.24968623902595377
15 15 0.5708747861184824
16 16 0.7115573411163625
17 17 -0.8444566515356839
18 18 -3.890877267420656e-05
19 19 -0.5801790746308546
20 20 0.7897258608164606
21 21 -0.2590757754137849
22 22 -0.637313285668152
23 23 0.7982727070435471
24 24 0.08367407883624023
25 25 0.40552158213703104
26 26 0.4168094815050001
27 27 -0.9129373644154082
28 28 -0.30133470318289834
29 29 -0.4573729892617646
30 30 0.6914386137379969
31 31 -0.5650795733539593
32 32 -0.3697572105279605
33 33 0.11205017655024951
34 34 -0.6933087213062712
35 35 -0.2488229881965076
36 36 -0.6667163686902804
37 37 -0.5391417158448588
38 38 -0.7217272369035086
39 39 0.5573291769209041
0 1 0.8940433358869819
0 2 0.9405413333042567
0 3 -0.716037652762066
0 4 -0.13935167008414595
0 5 0.8483355723903727
0 6 -0.21035115676931215
0 7 0.19888628346329829
0 8 0.36918085743790896
0 9 0.31624709325654
0 10 0.249596519298382
0 11 -0.30489424655774533
0 12 0.10740897886858014
0 13 -0.99646519034496
0 14 0.7086168091706588
0 15 0.4191913510550258
0 16 0.24053126648522793
0 17 -0.8944805583964246
0 18 -0.8696239601589641
0 19 0.3797321440954349
0 20 -0.02644592448562877
0 21 0.1705848500830045
0 22 0.15031531968103962
0 23 0.14951484390590086
0 24 -0.7949494240770041
0 25 0.943100229131207
0 26 0.4295174049275625
0 27 -0.8307519306081763
0 28 -0.06980384006355411
0 29 -0.08325782217639399
0 30 -0.967993844341769
0 31 -0.06960227464013058
0 32 -0.7342253848856695
0 33 -0.6227180423191705
0 34 0.5936592289238476
0 35 0.13890639194069343
0 36 -0.5227405988709333
0 37 0.5722353130321534
0 38 -0.4436953939266586
0 39 -0.9705952240574931
1 2 0.9902336152391249
1 3 -0.03267478810655833
1 4 0.671231882566478
1 5 0.3244850640872119
1 6 -0.7227465095771339
1 7 0.11117578534074624
1 8 0.8278601496911349
1 9 0.3656765371255155
1 10 0.18534944699042843
1 11 -0.1028527293375836
1 12 -0.4287327111460755
1 13 0.8955197776615675
1 14 -0.9386763756449006
1 15 -0.3903554334306354
1 16 0.6095188454572023
1 17 -0.36558783387451665
1 18 -0.21629032865605868
1 19 -0.003454372897472524
1 20 -0.2554227729341654
1 21 -0.1437742870556764
1 22 0.9033303665270569
1 23 0.18407182699432734
1 24 -0.3477740625253707
1 25 -0.9272470254715053
1 26 0.12826330859211943
1 27 0.8759200167199415
1 28 -0.517570239162255
1 29 0.8451535866128399
1 30 -0.26852941052158497
1 31 0.23397200658891593
1 32 -0.7224673365091332
1 33 -0.573531969470686
1 34 0.479758118570081
1 35 -0.9012212709145411
1 36 0.1577602302372345
1 37 0.8094815017570085
1 38 -0.39494483224155297
1 39 0.9029511272862414
2 3 -0.15813356529859535
2 4 0.9208640760578675
2 5 -0.3411787104740289
2 6 0.6499758387671832
2 7 -0.02509554564892502
2 8 0.4207060393694513
2 9 0.15423348634914702
2 10 0.9058371950093138
2 11 -0.20235931038116006
2 12 0.08076279366752792
2 13 -0.5287057178538854
2 14 -0.24517319739588372
2 15 -0.27814729209875777
2 16 -0.2019246369367309
2 17 0.9266941781699858
2 18 -0.10478474600274623
2 19 -0.636187878284435
2 20 -0.09620343753091154
2 21 0.4091253760772693
2 22 0.5718299851561348
2 23 0.7643503870750936
2 24 0.9298475566500173
2 25 0.20245660531971654
2 26 -0.9611721807641522
2 27 -0.879972709463035
2 28 -0.29585411751371193
2 29 -0.009447828674378655
2 30 -0.009101160965507393
2 31 0.013588944240106926
2 32 0.463205181676297
2 33 0.5565854762136166
2 34 -0.7116822808922534
2 35 -0.6039393526280556
2 36 0.2926603079563239
2 37 -0.07586232675755378
2 38 0.8073381165118982
2 39 0.9898839994308637
3 4 -0.9471817948439973
3 5 -0.014482622222327768
3 6 0.04140064568468138
3 7 0.1821515683299919
3 8 -0.2708833467645144
3 9 0.7819286445878713
3 10 -0.8083912509687008
3 11 0.1530462241791779
3 12 -0.9484195153276163
3 13 0.6019270532114747
3 14 0.6439441244219499
3 15 0.5063420066999107
3 16 0.030365094657970104
3 17 0.34854686087551423
3 18 -0.9435860453451763
3 19 -0.9844204350636483
3 20 0.6512055441501914
3 21 -0.09446630629498753
3 22 0.6239623085157846
3 23 0.5495376230681432
3 24 0.8239911541833402
3 25 -0.4803342012985907
3 26 0.8825588202153734
3 27 -0.9217740341156773
3 28 0.03145707965305
3 29 0.15353930376580927
3 30 0.1423917996138937
3 31 0.49388872623899216
3 32 0.34678793671548513
3 33 0.07286528622521704
3 34 -0.5291404761005949
3 35 0.4775426368661593
3 36 0.3851074807693686
3 37 -0.8416121413209445
3 38 0.5083782973475528
3 39 0.9594424405489979
4 5 0.2386773448347015
4 6 -0.6403249249823804
4 7 0.1764637131580995
4 8 0.7118162094094109
4 9 0.7435271892520521
4 10 -0.7805615556454413
4 11 0.3364531885604667
4 12 -0.010147005789092223
4 13 0.3638700196991189
4 14 0.3856212108510295
4 15 -0.6100621339037213
4 16 0.007847348886746097
4 17 0.28177826080488
4 18 0.82877972124732
4 19 -0.4047985553258684
4 20 -0.6219888896885424
4 21 0.791701518448692
4 22 0.5887087265141338
4 23 -0.17229590235678405
4 24 0.5845462764306084
4 25 -0.48879415427896955
4 26 -0.6062509106555967
4 27 -0.6965212457002983
4 28 -0.20660981519523092
4 29 -0.6199992266943386
4 30 -0.41405004736737583
4 31 -0.4048131552109011
4 32 -0.6170319608024242
4 33 -0.9286368897779358
4 34 -0.9012288679903007
4 35 0.9717718615066349
4 36 -0.06512770248827526
4 37 -0.76470809403102
4 38 0.3400058072618124
4 39 -0.8157946943534902
5 6 -0.5510501324164132
5 7 -0.46839107498576626
5 8 -0.4916817112511076
5 9 0.04674391733732475
5 10 -0.9290848915616077
5 11 0.9674923041657397
5 12 -0.6433429191065609
5 13 0.6390767683635621
5 14 0.7395979727300175
5 15 -0.5097704765589539
5 16 -0.6767455028540525
5 17 0.8061825565822023
5 18 0.5771591371682934
5 19 -0.7296200061721483
5 20 -0.6999587162644618
5 21 0.7638111540505665
5 22 -0.9276359135144701
5 23 0.09767476186804491
5 24 0.4220542400743974
5 25 -0.11448004796833477
5 26 -0.8417991885519474
5 27 0.28585365242250527
5 28 -0.004292778714041656
5 29 0.8606451801178352
5 30 0.13714799765154995
5 31 0.027262926499667994
5 32 -0.12826766263588185
5 33 -0.6409940295031626
5 34 -0.31951919362083214
5 35 0.7955225304841853
5 36 0.6389740669511472
5 37 0.47445297205416437
5 38 -0.6095755840347881
5 39 -0.34293273826198845
6 7 0.043254811666042725
6 8 -0.0027165087057248183
6 9 0.7501062249258283
6 10 0.4695374440073241
6 11 0.2639601324321239
6 12 0.900081048383417
6 13 -0.04989514270051587
6 14 -0.5985783186176414
6 15 0.4780954435317113
6 16 0.18989454822399354
6 17 -0.7947301877812991
6 18 0.9254606963104852
6 19 0.659755241117719
6 20 -0.5849646792016747
6 21 0.06930694815513139
6 22 -0.6510095224718293
6 23 0.08364341196554914
6 24 -0.4771645385093728
6 25 0.6928808754567568
6 26 0.17571331768108345
6 27 0.2918467551132262
6 28 -0.5184593769662516
6 29 -0.6992688268555309
6 30 0.05148238177179576
6 31 -0.7990695356412456
6 32 0.11928520064169046
6 33 0.8986643398971492
6 34 0.20499135175795669
6 35 0.6536070822992863
6 36 -0.3323064043532151
6 37 -0.021423691617386442
6 38 -0.5243906505692868
6 39 0.004693668413384033
7 8 0.527021802798507
7 9 0.21059783030976353
7 10 0.3586412222490014
7 11 0.029547811133983304
7 12 -0.41162717935918125
7 13 -0.6053307336142171
7 14 -0.9058062200626242
7 15 -0.24413837309330244
7 16 -0.4746764749381831
7 17 0.8482564391308034
7 18 0.5435663605993699
7 19 0.49188774241308897
7 20 0.6206527226253364
7 21 0.22690681885375907
7 22 -0.8835451899637206
7 23 -0.789966434328012
7 24 0.9586909880828567
7 25 0.7989754219753493
7 26 0.5968867101817479
7 27 -0.3839142356048786
7 28 -0.47200190806119613
7 29 -0.4698135732753217
7 30 -0.9419734832325815
7 31 -0.9080171825338879
7 32 0.5466224850156369
7 33 -0.6783496330507635
7 34 0.8658783777160883
7 35 -0.44119114217745925
7 36 -0.8654041784664805
7 37 -0.053283213778477556
7 38 -0.45508333185931327
7 39 -0.5967793825043108
8 9 0.995190430584941
8 10 0.11247591669114798
8 11 -0.09135761530157249
8 12 -0.6777321633329592
8 13 -0.9652000313703661
8 14 -0.9214602618206458
8 15 0.5632164019555717
8 16 0.5505170709891578
8 17 0.08107870602854517
8 18 0.18350961572901436
8 19 -0.9430031744697411
8 20 -0.16075643839706388
8 21 0.5804868592362911
8 22 -0.5870095168679914
8 23 -0.8807017657131129
8 24 -0.40892876776325715
8 25 0.8720020629157641
8 26 0.07989002111784282
8 27 -0.20378195982919212
8 28 0.4450861706597167
8 29 0.6868467678309282
8 30 0.7739418822234472
8 31 -0.8333108460612701
8 32 -0.9085285396469802
8 33 0.05001340030307766
8 34 -0.9508081887402853
8 35 -0.057560491409505365
8 36 0.5736730106908532
8 37 -0.1825993786312965
8 38 -0.34197068997459845
8 39 -0.6726995622409202
9 10 -0.43435808005274423
9 11 0.03199556520619384
9 12 0.39334055706664484
9 13 -0.20236100450587902
9 14 0.7352421678457606
9 15 -0.8509949085396251
9 16 -0.6850607110249525
9 17 0.007104677065586262
9 18 -0.8115460838072799
9 19 0.5560167519989132
9 20 0.9055260334462021
9 21 -0.36756641298035464
9 22 0.6775820314297631
9 23 -0.31378188375589766
9 24 0.2956537653614415
9 25 0.028836738276602825
9 26 0.4341366877817592
9 27 0.3671788695514202
9 28 -0.10166204906457987
9 29 0.2220378048371492
9 30 0.5980632037071425
9 31 -0.5005976845933024
9 32 -0.8608742617281708
9 33 -0.26664423804505955
9 34 -0.13105340329401582
9 35 0.04059612515305111
9 36 -0.005387815950347985
9 37 0.31594632726151484
9 38 0.9490363470936696
9 39 0.5711027177373116
10 11 0.009135313803716683
10 12 0.77157335598853
10 13 0.12920651180809029
10 14 -0.09010737928436696
10 15 0.9371291669667705
10 16 0.7495391933826454
10 17 0.25045311740139353
10 18 -0.5699539373382065
10 19 -0.048472789638415836
10 20 -0.45753088802434716
10 21 -0.4395609717680946
10 22 -0.5882572699857926
10 23 -0.848531658847705
10 24 -0.7766796940437666
10 25 -0.6034712612665936
10 26 0.16765756521982844
10 27 -0.6570499482181946
10 28 0.778536564957093
10 29 0.29690491298750343
10 30 -0.4297184681782198
10 31 0.2115938871577976
10 32 -0.35395304894321633
10 33 -0.5894588593313879
10 34 0.6832935154000943
10 35 0.937838602890303
10 36 -0.35973649445834255
10 37 0.5873739896383403
10 38 -0.6458911898409181
10 39 0.5685768388154631
11 12 0.3405378095910996
11 13 -0.48480435909636155
11 14 0.28920965592319936
11 15 0.9231700271098253
11 16 0.26764886900024454
11 17 -0.670180522595184
11 18 -0.07047457677306368
11 19 -0.8146546440753251
11 20 0.8982681241743788
11 21 0.9335482384549811
11 22 0.5031321214855262
11 23 0.23037673749099175
11 24 -0.28019563367674816
11 25 -0.8104171058564287
11 26 -0.9267633791781569
11 27 -0.43182121436368814
11 28 -0.31812838724618375
11 29 -0.27529502121273364
11 30 -0.054457205268306996
11 31 0.8684298032444913
11 32 0.22772667469593966
11 33 0.5718574488807096
11 34 -0.5268814201624576
11 35 -0.9306394684686436
11 36 0.47311519927091616
11 37 -0.7285125859162562
11 38 -0.45510488263385174
11 39 -0.1751493398753492
12 13 -0.8590629670757677
12 14 -0.42796855070265183
12 15 -0.8540811863427131
12 16 0.3147924944616254
12 17 0.6533737933517845
12 18 0.00499979973001996
12 19 0.5026505957644589
12 20 -0.5761424847579262
12 21 0.9243285238847903
12 22 -0.6045805590754321
12 23 0.37083101091034765
12 24 0.23275520970428643
12 25 0.5234367332521153
12 26 -0.9692662196476705
12 27 0.5826752910886344
12 28 0.8422395444828563
12 29 -0.10372925311516457
12 30 0.3926539306750487
12 31 -0.20929190957912458
12 32 -0.0008785303631384522
12 33 0.7929952331252637
12 34 -0.46585913165839
12 35 -0.4657863354220886
12 36 0.22548141480388573
12 37 0.9567850957647714
12 38 0.48459919745994906
12 39 0.6212328759743666
13 14 -0.9877829157399971
13 15 -0.9123954882851593
13 16 -0.7506954153736001
13 17 0.13547028015361828
13 18 0.25097355816792555
13 19 -0.4160203045770656
13 20 0.8301214883970973
13 21 0.13687854485503803
13 22 -0.6926031655004605
13 23 -0.1958568745736886
13 24 0.16626091335102133
13 25 0.8111014540815245
13 26 0.3448460503499775
13 27 0.7643236472160617
13 28 -0.1842023286580987
13 29 0.35869520860243
13 30 0.04992986748976547
13 31 -0.5242629266730041
13 32 0.7032931810405876
13 33 0.6859118950694609
13 34 0.003527930355671449
13 35 0.40842840962635685
13 36 -0.016461140828519127
13 37 0.8015789079231439
13 38 0.6884201680056319
13 39 0.32954810804733725
14 15 0.11452361229126695
14 16 0.9204797853458366
14 17 0.507888108382359
14 18 -0.9850953973287411
14 19 0.985083241521747
14 20 -0.09243037099721896
14 21 -0.15319046318033958
14 22 0.46787009157986903
14 23 0.22243000728176776
14 24 -0.9302825866725681
14 25 0.615819918923544
14 26 0.2709594747830233
14 27 0.628259031436871
14 28 0.13424546790065106
14 29 0.7040912535096442
14 30 0.48045541388974145
14 31 0.07185352193575545
14 32 0.4349690644192463
14 33 -0.8371339526102834
14 34 -0.23679125532806133
14 35 0.09278839553984564
14 36 -0.4866243262920409
14 37 -0.39581529976617147
14 38 -0.9489208013947132
14 39 0.1061614738585408
15 16 0.9975315562878995
15 17 -0.3110334644960029
15 18 0.9176500265891707
15 19 -0.3727520883299784
15 20 0.704503814680927
15 21 0.8095075390228497
15 22 -0.23521193651571193
15 23 0.9524074600639683
15 24 0.3143632888587802
15 25 -0.2003618751995624
15 26 -0.3866462016865819
15 27 -0.32658611276152927
15 28 -0.7304961891556152
15 29 0.6958438265800464
15 30 -0.9452782618439595
15 31 -0.5420806297595577
15 32 -0.8909867733159591
15 33 0.8230160110811133
15 34 -0.02235532830138731
15 35 -0.9845913062786062
15 36 0.44065472847248777
15 37 0.763101953072495
15 38 0.7744108200290667
15 39 -0.4782888522074691
16 17 -0.5813065009014389
16 18 0.2173214937842125
16 19 0.7243172403114
16 20 0.26154368614840195
16 21 0.10089268427674214
16 22 0.08113944063104617
16 23 -0.3638361696411332
16 24 0.685123683378718
16 25 -0.7520651863294208
16 26 0.059165105603237844
16 27 0.49742609385740244
16 28 -0.6132493464592308
16 29 -0.2567643980360308
16 30 0.9208079206047397
16 31 0.42914594917316906
16 32 -0.207575179754659
16 33 0.4496885524882055
16 34 0.6876791020536808
16 35 -0.032741815043672684
16 36 -0.4332572178077898
16 37 -0.825275844662134
16 38 -0.8026307046366141
16 39 0.8333233538798639
17 18 0.05009672600106074
17 19 -0.32096159137477165
17 20 0.35966981358333605
17 21 -0.5655434144343772
17 22 0.35373406999770807
17 23 -0.7893521221639181
17 24 -0.33434161487549297
17 25 0.4389139284798067
17 26 0.3834874889149473
17 27 0.7582260695106824
17 28 0.5753623264080021
17 29 0.5284036326806067
17 30 0.004688848985584082
17 31 0.4401151783201751
17 32 0.6261937267625137
17 33 0.44938493500115806
17 34 -0.13864012154450944
17 35 -0.13435895203095338
17 36 -0.7543344068736715
17 37 0.28551608962857733
17 38 -0.6802563115310598
17 39 0.7997760382448886
18 19 -0.7609536592368844
18 20 0.9155963704763823
18 21 0.8431755170514237
18 22 -0.42699557617153006
18 23 0.6396211675890782
18 24 -0.0374351372841335
18 25 -0.46831954908874973
18 26 -0.008746273802308968
18 27 -0.945352311405526
18 28 0.11626062297202
18 29 -0.6748354615536445
18 30 0.16118948003288525
18 31 -0.7174767867686997
18 32 -0.6544781692894299
18 33 -0.3434971888595304
18 34 -0.26649558902540127
18 35 -0.5986509764919372
18 36 0.27796401510537017
18 37 0.2046457124077945
18 38 -0.3288194051660167
18 39 0.9394404104997487
19 20 0.608838644042091
19 21 0.7735958765083693
19 22 0.7084155223473438
19 23 -0.07230726505717788
19 24 0.6244539353454863
19 25 0.969033737368239
19 26 0.9071027460735501
19 27 0.5520858571916816
19 28 -0.6745157469817213
19 29 -0.9007560202889766
19 30 -0.5384203989843568
19 31 -0.5100544253345622
19 32 -0.16472796759209096
19 33 -0.07016633453795063
19 34 -0.4079619283643545
19 35 -0.2984765664876392
19 36 0.6787899486462938
19 37 -0.8502760869423938
19 38 -0.5273426042273603
19 39 -0.12653430437044877
20 21 0.19465189212701506
20 22 0.8432868580697375
20 23 0.7546697776896725
20 24 0.6930493478306676
20 25 -0.9901299788700306
20 26 -0.5519071182377022
20 27 0.6413291735779731
20 28 -0.5574234822423942
20 29 0.6765012925222553
20 30 0.8472446029403127
20 31 0.4003562400542082
20 32 0.4844678913575866
20 33 -0.636173874581841
20 34 0.3254087715714369
20 35 -0.20772579756555687
20 36 0.46017108472512946
20 37 0.6421439699970888
20 38 -0.5785498712103796
20 39 0.8501537507152919
21 22 -0.33396035298958693
21 23 -0.34791453912755443
21 24 0.29116132486604074
21 25 0.6450042730976029
21 26 -0.9176990433139436
21 27 0.9113279499689588
21 28 -0.48990089632977063
21 29 0.1952468525195732
21 30 0.6755448991924209
21 31 0.2609405504757436
21 32 -0.107954651077391
21 33 0.7027796949948881
21 34 0.04020416248507752
21 35 -0.5599059199537009
21 36 0.8208259857947502
21 37 0.7320195664949165
21 38 0.18556603544347583
21 39 0.4863463993411268
22 23 -0.5818779173336857
22 24 0.3353755763407211
22 25 0.08548070882614134
22 26 0.02201841819592376
22 27 0.884418562909848
22 28 -0.17673973373032448
22 29 -0.4393865613365462
22 30 -0.43009074049302765
22 31 0.033949308238895526
22 32 -0.5559594743881155
22 33 0.2746038994733251
22 34 -0.6853980280901693
22 35 0.8278078984876625
22 36 -0.4897454684529152
22 37 0.7755566031678027
22 38 -0.021061705228932803
22 39 0.011053998592253977
23 24 0.6343046312548752
23 25 -0.8703401669101869
23 26 0.10793259069126471
23 27 0.8087290800585998
23 28 -0.04321545138147198
23 29 -0.1534797093765179
23 30 0.21553727241912668
23 31 -0.7819901654708952
23 32 0.13020875311758529
23 33 -0.9612010279710588
23 34 -0.7458027080314027
23 35 -0.7477854215356949
23 36 0.17940356679725955
23 37 0.3948688844175241
23 38 0.5690118719442228
23 39 0.30525232719744766
24 25 -0.09292605918965591
24 26 0.5148723978131973
24 27 -0.9298499367483013
24 28 0.1995826906121556
24 29 -0.2141668891102133
24 30 0.3164137572866117
24 31 -0.3507575618896128
24 32 0.9853739563752393
24 33 -0.9017256829393714
24 34 -0.4676375451990755
24 35 0.6297769544286784
24 36 0.7824349913004269
24 37 0.22350392997131063
24 38 0.7000159851166947
24 39 0.04367942817445969
25 26 -0.27365140621333484
25 27 -0.6028264099121545
25 28 0.418179672082422
25 29 -0.7351540788152566
25 30 0.31832482957057473
25 31 0.7513859251764023
25 32 0.50111406450342
25 33 -0.4190789866258482
25 34 -0.357579428241493
25 35 0.9194086356407358
25 36 0.2065933222404066
25 37 -0.8812751526150886
25 38 0.850893149138058
25 39 0.8753045322156277
26 27 0.5053259482105514
26 28 -0.5334532193424868
26 29 0.2967922231396818
26 30 -0.6735812958951839
26 31 -0.2509197959396472
26 32 -0.9572272056385236
26 33 -0.7342239076580037
26 34 0.7941790622433522
26 35 0.0055313917571877536
26 36 -0.6456284035356246
26 37 0.9097343937392015
26 38 -0.5219390568267159
26 39 0.9565606593005223
27 28 0.7276838941367909
27 29 0.9333860675931582
27 30 0.21816812426376742
27 31 -0.08726075254508037
27 32 -0.22625023848581827
27 33 0.7359412238621019
27 34 0.8845419034984277
27 35 -0.24815719759515442
27 36 -0.14132940434641728
27 37 -0.4103916761558053
27 38 0.3507476710183144
27 39 -0.869292623210491
28 29 -0.25792789162861407
28 30 0.9225192534272912
28 31 -0.8144057874047237
28 32 0.4084990493745899
28 33 0.24376197975909375
28 34 -0.75547221494996
28 35 0.05757122898196165
28 36 -0.8642638761130452
28 37 -0.37379173131115784
28 38 0.4034351001796821
28 39 0.2095571009449666
29 30 0.7906761045746606
29 31 0.02293548306036719
29 32 -0.06508458567440556
29 33 0.32283302221299714
29 34 0.248946143958638
29 35 0.5618061475733507
29 36 0.032584028219846406
29 37 -0.415631348138658
29 38 0.6450355515727859
29 39 0.5120800818352589
30 31 -0.7498234888988973
30 32 0.5527611930191905
30 33 0.3608870742612664
30 34 0.18906947535887264
30 35 -0.3832883045047861
30 36 -0.4541410934264474
30 37 -0.2064244752238351
30 38 -0.6087929207576579
30 39 0.8380441966656413
31 32 -0.9464722286817384
31 33 -0.6940844818549292
31 34 -0.6527677268529577
31 35 -0.582072771946665
31 36 -0.09909501114379582
31 37 0.4416182121122605
31 38 0.3966130403804997
31 39 0.08414650397445889
32 33 0.7053506375732623
32 34 -0.3244994075948495
32 35 0.5850873157786405
32 36 -0.26784902048462
32 37 0.6256313074110642
32 38 -0.5316101291931983
32 39 0.07730859181759708
33 34 0.33729605561438825
33 35 0.10008148567165254
33 36 0.1735519248262729
33 37 0.7723549763899762
33 38 0.8572743120841411
33 39 -0.7824126062618173
34 35 -0.2052926395966277
34 36 0.052598964018397254
34 37 -0.5716689898156186
34 38 0.6561986036412488
34 39 0.4615822093286015
35 36 0.8389645538385198
35 37 -0.9350693881490277
35 38 -0.2278013585458416
35 39 -0.3163223112968083
36 37 0.03659228323647423
36 38 -0.7347037924362767
36 39 0.5599622889937188
37 38 -0.33406733870191174
37 39 -0.2490805705203163
38 39 0.0076206857977865194
