512 512 -0.969123530124637
3075 3075 0.2560468640136633
3076 3076 -0.14270614988583752
3077 3077 0.5701073632626372
525 525 -0.6663024305419105
526 526 -0.5069072144486819
527 527 0.13395902193926235
3090 3090 -0.831971422222044
3091 3091 -0.406234037284406
3092 3092 0.16620477896995123
540 540 0.30050310327051166
541 541 0.025493762508085993
30 30 -0.20973395383298876
31 31 -0.1626765710363134
32 32 -0.3869204144201943
542 542 0.6951933036962328
3105 3105 0.372645825712018
3106 3106 -0.11385633411194451
3107 3107 -0.2506823106806684
555 555 0.6347986796023575
556 556 0.21486642699026337
45 45 0.583424666397024
46 46 0.38329565917109765
47 47 0.5718734111413837
557 557 0.22002904658117228
3120 3120 -0.6811781359165892
3121 3121 -0.3063221755486867
3122 3122 -0.8090672090012336
570 570 0.9251086864540281
571 571 -0.016064941662818688
60 60 -0.49366324257414207
61 61 -0.4017318821271898
62 62 0.7125242886887704
572 572 -0.16015837076835782
3135 3135 -0.4770299684034469
3136 3136 0.34270951905630276
3137 3137 0.3078003486567178
585 585 -0.46218881080244145
586 586 -0.8110302137873213
75 75 -0.5606403965327518
76 76 -0.3000817921716492
77 77 0.6003038875323099
587 587 -0.26412686048892065
3150 3150 -0.64564257787344
3151 3151 -0.04107825353398087
3152 3152 -0.6024916187143756
600 600 -0.4724266822232459
601 601 0.21560457097032626
90 90 -0.6587017236796862
91 91 -0.9648752236505975
92 92 -0.1698594609915487
602 602 0.5029650876585601
3165 3165 -0.5431628909656845
3166 3166 -0.7727151216640746
3167 3167 0.5557933485409552
615 615 -0.8091569059211063
105 105 0.1980428515808923
106 106 -0.5081923202042031
107 107 -0.7790556862052647
617 617 0.038348938609398475
3180 3180 0.8329934966090189
3181 3181 0.07219517496617356
3182 3182 -0.05829820603840408
630 630 0.8084493040544245
631 631 -0.43685604878464734
120 120 0.6429504395540575
121 121 0.1972612815412147
122 122 -0.29638257994186
632 632 0.8829013930296516
3195 3195 -0.8724228290835834
3196 3196 -0.1259406927669242
3197 3197 0.8803902867342412
645 645 0.8806735415358076
646 646 0.1154764781196107
135 135 -0.6502028121025094
136 136 -0.4965784011870913
137 137 -0.22012205254334383
647 647 0.7540058303943218
3210 3210 0.92064589142741
3211 3211 -0.5856069425786616
3212 3212 0.45891494411490363
660 660 -0.35509246026502805
661 661 -0.08590135492532847
150 150 0.8441231550471684
151 151 -0.07927741443267511
152 152 0.6524966646476011
662 662 0.6067098704469203
3225 3225 0.3343211267079056
3226 3226 0.2573561129772304
3227 3227 0.15191363507537647
675 675 0.16753943360196666
676 676 0.5958006146275185
165 165 0.08989380699746752
166 166 0.29237343991136266
167 167 0.007799994289566126
677 677 -0.23256258829653897
3240 3240 -0.11949404384679663
3241 3241 0.3415143006539938
3242 3242 0.7060790673786723
180 180 -0.6088852298061209
181 181 -0.46336551785575364
182 182 -0.20331213292618866
3255 3255 0.825415329625035
3256 3256 -0.3822267856116204
3257 3257 0.8600185552933388
195 195 0.9189568414594391
196 196 -0.3364984281249883
197 197 -0.6603247029194572
3270 3270 -0.334417666256827
3271 3271 -0.3893260624424557
3272 3272 -0.8594053765626748
210 210 0.7581020493636221
211 211 -0.181752048551163
212 212 0.1391699344384667
3285 3285 0.2661558687346637
3286 3286 0.5429011087549522
3287 3287 -0.8434440303938968
225 225 0.05155738240280372
226 226 0.9863114527858388
227 227 0.12787668734257718
3300 3300 -0.8319404475019634
3301 3301 -0.03699251794171121
3302 3302 -0.9096862451774264
240 240 -0.8050771723796168
241 241 -0.8775882467791747
242 242 0.3381530798315473
3315 3315 0.3135284296394174
3316 3316 -0.6829853146666458
3317 3317 0.6335780888167826
255 255 0.3267635460551743
256 256 0.20025166198609368
257 257 -0.3792456428812021
3330 3330 0.9382191975705481
3331 3331 0.9605668857995433
3332 3332 0.5352314335762296
270 270 0.8675076702896647
271 271 -0.11225235541879641
272 272 0.8945477645622677
3345 3345 -0.6285055045724566
3346 3346 -0.5520909561365923
3347 3347 -0.9938608864956797
285 285 0.832461401457762
286 286 0.988226401930304
287 287 -0.4877099001860179
3360 3360 0.001563754388157479
3361 3361 -0.6630064120273567
3362 3362 0.2280920361934793
300 300 -0.08202666724770746
301 301 -0.8688485692259234
302 302 -0.9843846641895089
3375 3375 0.876065056694487
3376 3376 0.21324104010541456
3377 3377 -0.12212781259559713
315 315 -0.7033908088627565
316 316 0.25310430590511346
317 317 0.6156148349781576
3390 3390 -0.5959041213526612
3391 3391 -0.5896452633764875
3392 3392 0.5841521296173986
330 330 0.42912413745592515
331 331 0.22335996603157038
332 332 -0.02899671999429332
3405 3405 0.7362166883894492
3406 3406 -0.4298226606205915
3407 3407 0.27280922678104735
345 345 -0.9162117886764294
346 346 -0.6640000770808479
347 347 -0.5906070023533356
3420 3420 0.044702153507989006
3421 3421 0.41229623814610705
2910 2910 0.628627463434458
2911 2911 -0.5362683531146577
2912 2912 -0.35663095557559843
360 360 -0.9032709876865637
361 361 -0.5439547450374376
362 362 -0.7159529090693264
3435 3435 -0.5888840806674014
3436 3436 -0.9583392708945371
2925 2925 -0.3076658226903277
2926 2926 -0.892712181707791
2927 2927 -0.22174464151129158
3437 3437 0.7117901103161246
375 375 0.05620147964128264
376 376 0.47277060525841064
377 377 -0.8781274004596977
3450 3450 -0.9758618549989975
3451 3451 0.4503718582063947
2940 2940 -0.9904558601022238
2941 2941 0.14184231996336916
2942 2942 0.4477368470905645
3452 3452 0.9152658444644697
390 390 -0.6297417007759625
391 391 -0.26308290312973037
392 392 -0.4007846554847012
3465 3465 -0.22079258727329987
3466 3466 -0.895490427872518
2955 2955 -0.9709371491512782
2956 2956 0.6194802369550909
2957 2957 -0.9398847430901467
3467 3467 -0.11775527534419128
405 405 -0.5623999368401873
406 406 -0.9356541879649509
407 407 0.23635353295117478
3480 3480 0.9522170822601461
3481 3481 -0.12589867907696917
2970 2970 -0.3820281899284843
2971 2971 0.060536005801799186
2972 2972 -0.4474965073256605
3482 3482 0.49112473728911876
420 420 -0.19783115404268514
421 421 0.8381127590584314
422 422 0.9218700481927091
3495 3495 0.4395815213844141
3496 3496 0.8168053993267408
2985 2985 -0.9671495947925011
2986 2986 0.41891724996642354
2987 2987 0.09059466365297086
3497 3497 -0.708394830637942
435 435 -0.5419941738507492
436 436 -0.2771403644971018
437 437 0.47716247620160557
3510 3510 -0.798145967750505
3511 3511 0.7620518495979967
3000 3000 0.6901378903799613
3001 3001 -0.960720801585881
3002 3002 -0.04332892969188129
3512 3512 0.11921798186075572
450 450 -0.06468456532963174
451 451 0.612896976573214
452 452 0.9926721638977567
3525 3525 -0.6098978516178566
3526 3526 0.8515726723968959
3015 3015 -0.8368845661082975
3016 3016 -0.0059188640014056215
3017 3017 -0.5250220751056709
3527 3527 0.7685219007059001
465 465 0.39538239343530135
466 466 0.031025585559371294
467 467 0.9221092656265564
3540 3540 0.20821535617754416
3541 3541 0.31970706985876296
3030 3030 0.3306707037019956
3031 3031 0.6244062222060642
3032 3032 -0.05849184298645427
3542 3542 0.7108868348312334
480 480 -0.3493657197606208
481 481 -0.46211257395704886
482 482 0.8464342834392489
3555 3555 0.5780404167008764
3556 3556 0.9363056242713925
3045 3045 0.0005138506680268939
3046 3046 0.20029143314139253
3047 3047 -0.6090882138239362
3557 3557 -0.07547188129523597
495 495 -0.0916511001639928
496 496 0.9814716385252606
497 497 -0.7779535961583179
3060 3060 0.3583816355341458
3061 3061 -0.7835302305153569
3062 3062 0.1859684123497607
510 510 0.002512930846752859
511 511 0.9243123646061095
512 511 -0.9417118218518805
512 527 0.7665545661524911
512 3332 0.267987177113612
512 3347 0.6771612240600495
512 3362 0.19498801933432985
512 3377 -0.5923718908781397
512 3392 0.7748854695970111
512 3407 0.08830960716316172
512 3437 -0.20545828534056088
512 3452 0.6282133521444551
512 3467 -0.1866670607614338
512 3482 -0.5129411688632368
512 3497 -0.568993571226774
3075 90 0.739040216338138
3075 105 0.6338034657448088
3075 120 -0.4547626869630397
3075 135 0.25463648546224715
3075 150 -0.7728127350803966
3075 165 0.789582509038089
3075 180 0.6494180740678366
3075 195 -0.06317065217295803
3075 210 -0.23072746960503832
3075 225 0.44012369313862076
3075 240 0.22470278864065385
3075 255 0.6024837919361419
3075 3060 -0.6044891996129433
3075 3076 0.19611956613212134
3076 270 0.44193913642708904
3076 285 -0.752455811051024
3076 300 0.2778784625997217
3076 315 -0.6840638013718014
3076 330 -0.3450130335888888
3076 345 -0.1265915761739589
3076 360 -0.01444933247750213
3076 375 -0.3335986822526833
3076 390 -0.27005148512832533
3076 405 0.6321012711929725
3076 420 -0.1883295867467556
3076 435 -0.2773277623675816
3076 3061 -0.5086684649553803
3076 3077 -0.20219374158496506
3077 450 0.7827541853869509
3077 465 0.4825100914451781
3077 480 0.6380586402344055
3077 495 -0.9839548859370422
3077 510 0.9554975443781972
3077 525 0.061389503327617945
3077 540 -0.22390892279370767
3077 555 -0.1425835738597534
3077 570 0.5876483200925118
3077 585 0.16528824442742218
3077 600 0.20115753572641548
3077 615 0.4989475534686174
3077 3062 -0.6688734124553981
525 510 -0.603437037385838
525 526 0.0438052216756637
525 2972 0.7752773509594766
525 2987 -0.3378841166586226
525 3002 -0.6086277459876481
525 3017 -0.5792622372334293
525 3032 0.15521396467681958
525 3047 0.6427313773805081
525 3062 0.42276915121230463
525 3092 0.6374305138654062
525 3107 0.1545277965758458
525 3122 0.017132476443527
525 3137 0.7786173171634352
526 511 -0.6169643546199826
526 527 0.52652645573228
526 3152 -0.6604148978930164
526 3167 0.5747509715812513
526 3182 -0.9585992256793883
526 3197 -0.7281493833907966
526 3212 -0.5581891618212313
526 3227 -0.6150547992095619
526 3242 -0.8633416227258799
526 3257 -0.06405850426430648
526 3272 -0.6844299284784914
526 3287 0.16225299652495107
526 3302 -0.21636775288685306
526 3317 0.2556986410484876
527 3332 0.8822440364522466
527 3347 0.9390204816296821
527 3362 0.554241237375525
527 3377 -0.351456806679048
527 3392 0.24269544749960326
527 3407 -0.1620551727827908
527 3437 -0.22701020017263684
527 3452 0.940967840321812
527 3467 0.5952972375474535
527 3482 -0.3380872952392262
527 3497 0.20650989002492226
3090 90 -0.41228938767965273
3090 105 -0.21687927364301718
3090 120 -0.4188183413350104
3090 135 -0.7752434257210881
3090 150 0.8763495659099036
3090 165 -0.2195098723020137
3090 181 -0.611036934094596
3090 196 -0.17663678065276933
3090 211 0.7920525206138198
3090 226 -0.9285387397880498
3090 240 0.9615279886629495
3090 255 -0.6207994704575699
3090 3091 0.7419571664309572
3090 3105 -0.03641617738780756
3091 270 0.41848102229026485
3091 285 -0.18256446201512566
3091 300 0.08456845708253091
3091 315 -0.3174581086036192
3091 330 0.8742129798173071
3091 345 -0.22252876548827816
3091 361 -0.07290386027037532
3091 376 0.9386334736345714
3091 391 -0.4376413215759747
3091 406 -0.7110100754469182
3091 420 0.02789343839256908
3091 435 0.06951712162874624
3091 3092 0.5484726477081447
3091 3106 0.06294202899158585
3092 450 0.052884402505072536
3092 465 -0.33445463796164554
3092 480 -0.7940081472223073
3092 495 -0.04649360748826736
3092 510 0.9954063665868582
3092 541 0.2291275375309021
3092 556 -0.5225376948472122
3092 571 -0.9492285137563545
3092 586 -0.5433568469009855
3092 600 0.575564431108144
3092 615 -0.02624831515838877
3092 3107 -0.5322946443428218
540 541 0.19954310304741152
540 555 0.0126514234551236
540 2912 -0.7484088585791151
540 2927 0.38182587733888385
540 2942 0.9875568471601257
540 2957 0.5056517650846615
540 2972 -0.7434807399996779
540 2987 0.7470062347388595
540 3002 0.507326996565556
540 3017 0.3336201422793619
540 3032 0.5262530467537123
540 3047 0.06052748602771296
540 3062 0.7941162010273908
541 542 0.7752678230466694
541 556 -0.12362842218941705
541 3107 -0.5369113953630045
541 3122 -0.25126807550255004
541 3137 0.18469503554886746
541 3152 0.697201036249353
541 3167 -0.3517806018118028
541 3182 -0.6728073391970275
541 3197 -0.48009877631517983
541 3212 -0.1267851996231435
541 3227 0.3166455371678343
541 3242 0.7032896177751851
541 3257 0.870961889448653
30 31 0.5318349621151393
30 45 0.8952954701372735
30 2940 0.8202128994381714
30 2955 -0.9359002915302006
30 2970 0.24122242662184146
30 2985 -0.8251867165226923
31 32 0.6251966961467728
31 46 0.8129423666949214
31 3120 -0.7880977369535607
31 3135 0.4944191215746534
31 3150 0.9727494764929105
31 3165 0.3322825109767058
32 47 -0.10769826510204217
32 3300 -0.9360355526862825
32 3315 -0.06751186382273211
32 3330 0.5982533602325453
32 3345 0.28508298381919084
542 557 -0.11516974090956777
542 3272 0.8635860962265205
542 3287 0.2621619779269877
542 3302 -0.5085491123169468
542 3317 0.7122659656271333
542 3332 0.7245560290245154
542 3347 -0.72774737976721
542 3362 -0.1394078163255419
542 3377 -0.4577751167282875
542 3392 0.4546861739716901
542 3407 0.19143535202669582
542 3437 -0.4218794598021418
3105 90 0.7619352250822713
3105 105 0.9277685506746951
3105 120 -0.7143645362342663
3105 135 -0.21602664803330907
3105 150 -0.9688453977303881
3105 165 0.28130555715018324
3105 181 0.4839210091082675
3105 196 0.05810594024356974
3105 211 0.20140586434438856
3105 226 0.9367870404044327
3105 240 0.23749191246923873
3105 255 -0.2416584538924451
3105 3106 -0.07352060874349875
3106 270 -0.19748436447742956
3106 285 0.4851944461361224
3106 300 0.4295810280915642
3106 315 -0.7276094512873308
3106 330 -0.7425267734058876
3106 345 0.9994379479431019
3106 361 0.8269774542431905
3106 376 0.5814216190185093
3106 391 0.28371248630794543
3106 406 0.8344183273264383
3106 420 -0.32981641179551136
3106 435 0.8745733189994871
3106 3107 -0.9543414917611319
3107 450 -0.31694645176438385
3107 465 -0.16721293435245843
3107 480 0.17558378335201175
3107 495 0.5079407218618541
3107 510 -0.5198640493830853
3107 556 0.15003114695795028
3107 571 -0.6088086367187822
3107 586 -0.3602703605074502
3107 600 -0.13631347450083497
3107 615 0.21444482125896647
555 556 0.32035124085996936
555 2912 0.5790912135944251
555 2927 0.7486944067292816
555 2942 0.3921500370764617
555 2957 0.8062892040892531
555 2972 0.571565935218282
555 2987 0.1537722369838379
555 3002 0.5701551723607365
555 3017 0.9693455181095731
555 3032 -0.45441522615751606
555 3047 0.5475066500969468
555 3062 -0.663102071562131
556 557 -0.5733541467418142
556 3122 -0.5314444674802719
556 3137 -0.1319462766689503
556 3152 0.8479070874605898
556 3167 -0.7500095581717106
556 3182 0.7774831174003634
556 3197 -0.49828067859890335
556 3212 -0.43885583240917114
556 3227 0.6725998535341533
556 3242 -0.2730884069765904
556 3257 -0.12758503944487032
45 46 -0.08601193232572046
45 2940 -0.47751579648023923
45 2955 -0.8886023106191718
45 2970 0.628376050105641
45 2985 -0.6333543004729276
46 47 -0.011985768449009893
46 3120 -0.8501207938205253
46 3135 -0.8228927561093566
46 3150 0.6356537428923252
46 3165 -0.7884663769282401
47 3300 -0.2258363228299125
47 3315 0.5663322505617099
47 3330 -0.1369443949132032
47 3345 0.8118139801365811
557 3272 0.20660239731905716
557 3287 0.977888987077874
557 3302 -0.46051915137067145
557 3317 0.9216631541037166
557 3332 -0.11304636330053697
557 3347 -0.5692633748723221
557 3362 0.10964330188114046
557 3377 0.10920519991986688
557 3392 -0.07883774988300685
557 3407 0.4558721252983
557 3437 0.7574638184195637
3120 60 -0.02148936455014061
3120 75 -0.9360115282650234
3120 90 -0.14870549329229776
3120 105 0.7835992398049092
3120 120 -0.626857484084953
3120 135 0.29551015949349635
3120 150 -0.09496043702358792
3120 165 0.4045002766742023
3120 181 0.4067630995998357
3120 196 0.5142592888443593
3120 3121 -0.8060765670169021
3120 3135 -0.6851281105578946
3121 211 0.3002327168933865
3121 226 -0.08975716993806837
3121 240 -0.7514496769452994
3121 255 -0.2898049179069495
3121 270 -0.6924285099377383
3121 285 -0.12809399394103682
3121 300 0.6303123309126744
3121 315 -0.9050868968684187
3121 330 -0.09938866464024398
3121 345 0.5356273587112776
3121 361 0.5142769298699128
3121 376 0.9519556150491215
3121 3122 -0.3833480556240747
3121 3136 -0.9202976524840565
3122 391 -0.34465064773038834
3122 406 0.19305398626853965
3122 420 -0.15953850559610117
3122 435 -0.056785044692637676
3122 450 0.5377914842572071
3122 465 -0.6043060517256649
3122 480 0.11046696634157183
3122 495 -0.8180801744906969
3122 510 -0.7802413195803424
3122 3137 -0.14534074671625485
570 571 -0.9333543289809136
570 585 -0.5323818533252371
570 2912 -0.5857532951991005
570 2927 0.5120041390788237
570 3002 0.06809372443854445
570 3017 0.7005269746338634
570 3032 -0.2652897319397074
570 3047 0.18909075323385793
570 3062 -0.3824787818109543
571 572 -0.15432222032940457
571 586 0.7473805929640223
571 3182 -0.05253905951817894
571 3197 -0.6762276690976223
571 3212 0.11991525282159055
571 3227 -0.5758959703652331
571 3242 0.6727023311307445
571 3257 -0.26420169278342387
60 61 0.06657532600279503
60 75 0.08951842144072941
60 3135 -0.06746703968334677
60 3150 0.14828056616702967
60 3165 -0.4247713802701649
61 62 0.7586136730699187
61 76 0.037041381316090805
61 3300 -0.6149402262741304
61 3315 -0.1928040688046111
61 3330 -0.6633883166432304
61 3345 0.7866722692727137
62 77 -0.8210213500000743
62 3480 0.03511570766541783
62 3495 0.30849495339830457
62 3510 0.2964465703043193
62 3525 -0.767043685779567
572 587 -0.8308666376599942
572 3272 -0.757748653266491
572 3287 0.15957567592711497
572 3362 -0.5198518280097977
572 3377 -0.5820496748155379
572 3392 0.2102166406729986
572 3407 0.9917432285816976
572 3437 -0.7001920518820195
3135 75 0.7906931810633617
3135 90 0.6380784888793849
3135 105 -0.3471281271877893
3135 120 0.38955818010248056
3135 135 -0.9033794689031964
3135 150 0.41847842089680354
3135 165 0.2482496307900972
3135 181 -0.6931821741730533
3135 196 0.9282541554494481
3135 3136 -0.1120082765186805
3136 211 0.08444918757427144
3136 226 0.43133380948078237
3136 240 0.44042277144298847
3136 255 -0.5928618555154179
3136 270 -0.647878034855264
3136 285 0.8523147777171323
3136 300 -0.1945627123248046
3136 315 -0.0011783998624990133
3136 330 -0.26236074467087
3136 345 -0.6443144546891273
3136 361 -0.8047916537580271
3136 376 -0.15513360138561993
3136 3137 0.904079249312546
3137 391 0.4496587516181987
3137 406 0.6522489443228614
3137 420 0.9747183506504256
3137 435 0.8249299103542997
3137 450 0.5020938953080583
3137 465 -0.7429123409995042
3137 480 0.633739381525418
3137 495 -0.49868710783644943
3137 510 -0.38277366903792664
585 586 0.8398179134822954
585 2912 0.7373843998563885
585 2927 0.25944472632433824
585 3002 -0.34841501376815276
585 3017 0.0616516053307552
585 3032 0.4352728553285574
585 3047 0.4507161633924861
585 3062 -0.4231178855915898
586 587 -0.2903921697504481
586 3182 0.19484000608979524
586 3197 -0.86554729579039
586 3212 0.5022462857214878
586 3227 -0.16300720618689368
586 3242 -0.25630197740661487
586 3257 -0.677797578012697
75 76 0.4474562954182575
75 3150 -0.28811844724846036
75 3165 -0.3416321383937917
76 77 -0.8263669727824028
76 3300 0.8082478681741361
76 3315 -0.7455203015633365
76 3330 0.961410319663677
76 3345 -0.2578434700461467
77 3480 -0.5684343196243586
77 3495 -0.6984389040937797
77 3510 0.5588993425091777
77 3525 0.6226724950534421
587 3272 0.23220626037246106
587 3287 0.8292899875092081
587 3362 -0.047032771556438924
587 3377 -0.648577038945856
587 3392 0.18751215221196205
587 3407 0.597717152830467
587 3437 -0.7149457162705217
3150 90 -0.30502098782436216
3150 105 0.43193298343049924
3150 121 -0.45267378802842906
3150 136 -0.3873541045058231
3150 151 -0.3021805038831813
3150 166 -0.4912100828458812
3150 181 0.5422188374590593
3150 196 0.36907175729969866
3150 3151 0.26633735380408474
3150 3165 0.5202889472087637
3151 211 -0.0818063058559384
3151 226 0.09506887827864641
3151 240 0.6824057266951546
3151 255 -0.1704969084038901
3151 270 -0.6396500947511075
3151 285 -0.4451969884372249
3151 301 -0.5065415061604046
3151 316 0.1475022226292031
3151 331 -0.5914351413666312
3151 346 -0.2207963015474601
3151 361 0.9184869180579169
3151 376 0.6742778469434352
3151 3152 -0.8616982994256641
3151 3166 0.5396775772738422
3152 391 -0.8953573167065758
3152 406 -0.35224742875886594
3152 420 -0.4286591857992468
3152 435 0.5762490878894284
3152 450 -0.8157208080195741
3152 465 -0.4515978601419768
3152 481 0.09706804961427173
3152 496 -0.6465266320845471
3152 511 -0.3539730767728344
3152 3167 0.22742980626604692
600 601 0.056144118247497765
600 615 -0.8400080918044879
600 3032 0.27499179299900534
600 3047 -0.9219374925838253
600 3062 -0.10537510759006397
600 3182 0.015375085963333035
600 3197 -0.14491212646232432
601 602 -0.9256102955440015
601 3212 0.7286104675483935
601 3227 -0.5704428609666032
601 3242 0.0025549373243796136
601 3257 0.6259447790428003
601 3272 0.04046543826334137
601 3287 -0.45070076602257747
601 3362 -0.41543702244116876
601 3377 -0.5745641387711757
90 91 0.35927725280695744
90 105 -0.7426802478368015
90 3060 0.37582777181277294
90 3165 0.0531067093736588
91 92 0.7420951612314728
91 106 0.5425729628060214
91 3240 -0.15482165257617342
91 3255 -0.3972662375154845
91 3270 0.46455286822323516
91 3285 0.9024869347207316
91 3300 -0.7685991185527647
91 3315 -0.5199505152703869
91 3330 -0.21938467128043304
91 3345 0.07716698317564852
92 107 0.7300152659793986
92 3420 -0.8157589479719891
92 3435 -0.6466904893155565
92 3450 -0.2752725366049875
92 3465 0.15873755716559557
92 3480 -0.9080165676391807
92 3495 -0.7631686094946262
92 3510 0.9578900959435952
92 3525 0.7625400142247991
602 617 -0.8711330311477137
602 3392 -0.14976008869646473
602 3407 0.39669357340600264
602 3437 -0.0806153430064096
602 3452 0.46655735356390693
602 3467 0.3609202876797979
602 3542 0.43407203653748083
602 3557 -0.7878953369146589
3165 105 -0.10900953535703883
3165 121 -0.4884735299667029
3165 136 -0.16246651127293488
3165 151 -0.7507955398314543
3165 166 0.07522496201292483
3165 181 0.9424767747114855
3165 196 0.8385360025081521
3165 3166 0.09560396613830768
3166 211 -0.9153752960805723
3166 226 -0.608440069493553
3166 240 0.39767871867235427
3166 255 -0.8475334222126611
3166 270 0.938949414865992
3166 285 -0.7041633052912581
3166 301 -0.19366930356927936
3166 316 0.5098551542213294
3166 331 0.9505491835377433
3166 346 -0.17215189572457357
3166 361 0.11500797115488082
3166 376 -0.7186420734926975
3166 3167 -0.6035179052514754
3167 391 0.7501173420640972
3167 406 0.5303399128024555
3167 420 -0.001769823151102301
3167 435 0.8492703332072926
3167 450 -0.8107895828918597
3167 465 0.9348726595764125
3167 481 0.2872764432284509
3167 496 -0.431040380775251
3167 511 0.6692630309571479
615 3032 0.9524055534860227
615 3047 0.9508040020730921
615 3062 -0.22667377400774913
615 3182 0.41942218511706963
615 3197 0.4288279211689623
105 106 0.06599553529043467
105 3060 -0.5709071828004828
106 107 -0.6391538582307266
106 3240 -0.972686083919071
106 3255 0.28496593538761994
106 3270 -0.12671528827584444
106 3285 0.41770421346169395
106 3300 -0.3836700625882865
106 3315 -0.8871697942787078
106 3330 0.4738315397067403
106 3345 0.2830709626259422
107 3420 -0.28794147053178265
107 3435 -0.22678857883992842
107 3450 0.05310504800881577
107 3465 -0.08780695749413137
107 3480 -0.13457222375625144
107 3495 -0.529368203032011
107 3510 0.35550906525459447
107 3525 -0.7488945119005497
617 3392 -0.07133413883632
617 3407 0.5856740164169885
617 3437 -0.2561140165931144
617 3452 0.7730252700579539
617 3467 -0.49732361680889237
617 3542 -0.6353628504451139
617 3557 0.6808447129454722
3180 151 0.8226604835700702
3180 166 -0.8951571762589268
3180 181 -0.5120701153788376
3180 196 -0.574573949932788
3180 211 0.48732547717150343
3180 226 0.7116062664086518
3180 240 -0.8358826169722895
3180 255 -0.5704047721378804
3180 270 -0.5274534741000916
3180 285 0.042970298958893594
3180 301 -0.11422133056930761
3180 316 0.2697416448806442
3180 3181 -0.34221316393650625
3180 3195 -0.6353883718021949
3181 331 0.16863496571083902
3181 346 -0.035319245696100454
3181 361 -0.800102841456177
3181 376 -0.816817878510393
3181 391 0.8925230104668096
3181 406 -0.9766373820510015
3181 420 0.31254708956841193
3181 435 0.9090156492656787
3181 450 -0.1436571740394159
3181 465 -0.9426656048584487
3181 481 -0.6557866077260164
3181 496 0.7930924717022412
3181 3182 0.7823944089908255
3181 3196 -0.3720092439308027
3182 511 0.35434056861891405
3182 630 0.5185153366249438
3182 645 0.1980817609168286
3182 661 0.825026363734545
3182 676 0.5886985380133065
3182 3197 0.928755823950187
630 631 0.806184849499616
630 645 -0.4439872476656983
630 3032 0.2577084843086146
630 3047 -0.655003410061948
630 3197 0.23518361444884972
631 632 -0.23077903075492978
631 646 -0.3395572167448859
631 3212 -0.43502027521607345
631 3227 -0.6402991365257338
631 3362 -0.3259009175680252
631 3377 0.5576062451232731
120 121 0.1362724219623339
120 135 -0.9954179396539085
120 2970 -0.8936214913240255
120 2985 0.1456917684625847
120 3060 0.1438948478695039
121 122 0.34417939179236434
121 136 -0.48400848413970876
121 3240 0.25601671359116196
121 3255 0.15203557706362658
121 3270 0.0921443485921094
121 3285 0.8867429398591322
121 3300 -0.510339576346668
121 3315 -0.7033179645603913
122 137 0.9185563473302572
122 3330 0.6916032040705651
122 3345 0.5074154069196513
122 3420 -0.8635043585575497
122 3435 0.12243870896326992
122 3450 -0.1743598958328174
122 3465 -0.9103606282503156
122 3480 -0.20886332046341294
122 3495 0.2069935568324448
632 647 0.1284172682482294
632 3392 -0.9926157026406128
632 3407 -0.6318707226659703
632 3542 0.5064149292430102
632 3557 0.4746841663345509
3195 151 0.44818708674378893
3195 166 -0.08906730364919135
3195 181 -0.18158045438123316
3195 196 0.4538117200899696
3195 211 0.2709157712176864
3195 226 0.7984207043203029
3195 240 0.15624592589203679
3195 255 0.5218327139704264
3195 270 -0.5276489814775127
3195 285 0.0790361666418018
3195 301 -0.25565891553418196
3195 316 -0.28130621850800575
3195 3196 -0.22564091772839245
3196 331 0.5989357378494449
3196 346 0.40252039711873855
3196 361 -0.209456013737094
3196 376 0.4742419322612863
3196 391 0.27593910799212673
3196 406 0.5750314637067138
3196 420 0.7479827018397966
3196 435 -0.591283401000603
3196 450 -0.27303562635055556
3196 465 -0.9958068222056378
3196 481 0.9859854956414846
3196 496 -0.7478749006303882
3196 3197 -0.6180188761433965
3197 511 0.9217289012145633
3197 645 -0.6489410057350102
3197 661 -0.6104382314227228
3197 676 0.35468229068126833
645 646 -0.9203546018226254
645 3032 -0.8640850158724478
645 3047 -0.9753997221178416
646 647 0.31590332057484916
646 3212 -0.12419401675039055
646 3227 0.5024263341461721
646 3362 0.6329012179353264
646 3377 -0.04433147052430342
135 136 -0.23905267786453988
135 2970 0.8741044070019042
135 2985 0.30570175332973415
135 3060 -0.4877674719582499
136 137 0.6614548188490439
136 3240 0.98707597094491
136 3255 -0.968311831108726
136 3270 0.696569331857348
136 3285 -0.2146940704681528
136 3300 0.13368546828759142
136 3315 0.9076458828360374
137 3330 0.46472341188506383
137 3345 0.027671953033203023
137 3420 -0.7691177294977063
137 3435 -0.332071149059568
137 3450 0.3644840737686563
137 3465 0.2852718092010311
137 3480 -0.485797557249406
137 3495 0.465914525117783
647 3392 -0.7943795202361577
647 3407 -0.043460884111516274
647 3542 -0.33953431928254085
647 3557 0.6170521996226006
3210 151 -0.16656918648651864
3210 166 0.9519809590421573
3210 181 -0.9745271318505546
3210 196 -0.5240966965498834
3210 211 0.19471331831375616
3210 226 -0.2777875188158272
3210 241 -0.20029196036158314
3210 256 0.2745843315666554
3210 271 0.9832707806239764
3210 286 0.013255900402016518
3210 301 -0.15223080528543997
3210 316 0.9465587441868293
3210 3211 0.5740967709273446
3210 3225 -0.2535379652438621
3211 331 0.5881559328698556
3211 346 -0.02768268945033059
3211 361 -0.2790381251868679
3211 376 -0.045602955065905615
3211 391 0.5266973246800086
3211 406 0.23170650920620073
3211 421 0.8180617504273615
3211 436 0.4596773348379639
3211 451 -0.034771794834295155
3211 466 0.03621918972714777
3211 481 -0.018089419887813873
3211 496 0.4090386575656746
3211 3212 0.3180117291333764
3211 3226 -0.8711855566384821
3212 511 0.4053195623493713
3212 661 0.07676750856998149
3212 676 0.005508082006554504
3212 3227 0.9435788414808457
660 661 0.6797091654427023
660 675 0.7414976773906063
660 3002 -0.11210478847940308
660 3017 0.6930183985480536
660 3032 0.03269290821693982
660 3047 0.4288801003172311
661 662 0.5842932302532513
661 676 0.8330407678342189
661 3227 -0.19833367293171333
150 151 -0.616657426571181
150 165 0.042956380903348634
150 2970 -0.7608985706928979
150 2985 0.38272619407403785
150 3000 0.40469153675793
150 3015 0.6584736521045225
150 3030 -0.7727126996263773
150 3045 -0.0013112209326344715
150 3060 -0.20777729213873686
151 152 -0.2755966258798066
151 166 -0.7678651186913978
151 3225 0.07887684068939049
151 3240 0.8341523287744548
151 3255 -0.9411841428217487
151 3270 -0.965400960411898
151 3285 0.22400135259968756
151 3300 0.6650127805602515
151 3315 0.3766929075746315
152 167 0.5460653306153576
152 3330 0.4514354332333841
152 3345 0.9170954239020404
152 3360 0.4807476477848449
152 3375 -0.5464757033298591
152 3390 -0.191790574228198
152 3405 0.8022241634415941
152 3420 0.23880875864129147
152 3435 0.3218071895059771
152 3450 -0.6493103554599851
152 3465 -0.9343044873899506
152 3480 -0.12443845972556522
152 3495 0.7515869057780105
662 677 0.28720700912942787
662 3362 0.2016539998140694
662 3377 0.9139664418663263
662 3392 0.31414374396658507
662 3407 -0.09334913561315639
3225 166 -0.9515857022152145
3225 181 -0.3880474249318797
3225 196 0.9672906409403246
3225 211 -0.09851237513978761
3225 226 -0.008658017900464277
3225 241 0.4252199656990632
3225 256 -0.5620163164073599
3225 271 -0.061826980751183314
3225 286 -0.5135309055809738
3225 301 -0.4845379926813096
3225 316 -0.47878027752481
3225 3226 -0.8487747464882507
3226 331 0.7839799257500273
3226 346 -0.37403800984547453
3226 361 0.7630614040176344
3226 376 0.4483210541877045
3226 391 -0.770505256958381
3226 406 -0.6893254769237902
3226 421 -0.22954039317647945
3226 436 0.9829183002871278
3226 451 0.02231981914754977
3226 466 0.8664754431197259
3226 481 -0.391143027202709
3226 496 -0.4510372783763621
3226 3227 0.14078862179181573
3227 511 0.446717156821945
3227 676 -0.3694549207146083
675 676 0.4453256319046226
675 3002 0.9763275127199191
675 3017 -0.986962667000169
675 3032 -0.19376439587915018
675 3047 -0.0482544676137846
676 677 0.636553626616335
165 166 0.6694859209493436
165 2970 -0.7588680057200414
165 2985 -0.9667744850509237
165 3000 0.8383734714398288
165 3015 0.3886652512443076
165 3030 -0.8040777650587723
165 3045 -0.7172234322125957
165 3060 -0.1875301018821942
166 167 0.9307421660167092
166 3240 0.4703283887346901
166 3255 -0.6140295608541277
166 3270 0.539563763262034
166 3285 -0.5574982605205101
166 3300 -0.5180158380752127
166 3315 0.6317570137332393
167 3330 0.6476236619371267
167 3345 -0.9405909108057673
167 3360 0.632787161444915
167 3375 -0.9294136336502119
167 3390 -0.70784489987001
167 3405 -0.9705565654926778
167 3420 -0.14442868332056857
167 3435 0.7309264752240066
167 3450 -0.7552421559494451
167 3465 -0.055502304179627426
167 3480 0.17925617626873902
167 3495 -0.5189587197942114
677 3362 0.7905694701799448
677 3377 0.4419024710595296
677 3392 -0.659393303865738
677 3407 -0.9402012111606513
3240 181 0.2372479841849715
3240 196 -0.05174215182449027
3240 211 -0.7201271192038874
3240 226 -0.907964082104245
3240 241 0.09504512416948341
3240 256 -0.9931238716837294
3240 3241 0.6756049448882795
3240 3255 0.4558185112869393
3241 271 -0.07861852323608232
3241 286 0.6844036397961257
3241 301 0.38674431659071096
3241 316 0.005556809198991708
3241 331 -0.3012624614126884
3241 346 0.09486407760910942
3241 361 -0.24490553528598213
3241 376 0.7739862997377769
3241 391 -0.3878628743796473
3241 406 -0.3541871259919527
3241 421 0.8142028814899323
3241 436 -0.25745953954087564
3241 3242 0.6064588640129982
3241 3256 0.5466233678947998
3242 451 0.35913990962421893
3242 466 -0.26626067050400826
3242 481 0.20012817201669253
3242 496 0.2941145885122525
3242 511 0.5190732671833684
3242 3257 0.9980266912435924
180 181 -0.13437775146025577
180 195 -0.7318710869495686
180 2910 -0.5248917538299673
180 2925 -0.3515353619281394
180 2940 -0.37503104805530185
180 2955 0.5193175290246674
180 2970 -0.8709510171266635
180 2985 0.3124648332821791
180 3000 -0.821821823037751
180 3015 0.9935917321693051
180 3030 -0.07982304423212927
180 3045 0.17338282778011638
180 3060 -0.96589684806872
181 182 -0.934943418847199
181 196 0.5842138837803368
181 3255 0.6473525408413046
182 197 0.18447812628080373
182 3270 0.785017242453883
182 3285 -0.7632308932344016
182 3300 0.9947519635492323
182 3315 -0.8708026969731224
182 3330 -0.7506024449097088
182 3345 0.10923823961864687
182 3360 -0.7313852322103016
182 3375 -0.5876021891520653
182 3390 -0.8127287615726342
182 3405 -0.1849043883987469
182 3420 0.8858652542868366
182 3435 0.13346328623053294
3255 196 -0.20840767788947323
3255 211 -0.873911530068668
3255 226 0.3508131527052114
3255 241 0.13974093700361556
3255 256 0.7817786522830823
3255 3256 -0.2563550771033676
3256 271 0.9757425948340557
3256 286 -0.17910070401547085
3256 301 0.07800529569049752
3256 316 0.3474575580805601
3256 331 0.5646431342663059
3256 346 0.9126303499775674
3256 361 0.1648380446892883
3256 376 -0.18672864452978555
3256 391 0.357808908615443
3256 406 -0.006237505310304536
3256 421 -0.44200023586027637
3256 436 -0.2541684177096437
3256 3257 0.5252734362937914
3257 451 0.6807675252009764
3257 466 0.19226552335065916
3257 481 -0.28182774697418456
3257 496 -0.09659469872323312
3257 511 0.7009565411478569
195 196 -0.5547299891458806
195 2910 0.9173727127457896
195 2925 -0.9944348043447846
195 2940 0.023279588044428978
195 2955 -0.019889941004663347
195 2970 -0.42870441952391847
195 2985 -0.6006773915789883
195 3000 0.25406944373273066
195 3015 -0.5477810516329027
195 3030 -0.09291880924352292
195 3045 0.02838563145519779
195 3060 0.8077467720109095
196 197 0.05168357817160718
197 3270 0.49083735494990965
197 3285 0.5424131070723865
197 3300 -0.9688936945863764
197 3315 -0.1851918423460983
197 3330 0.8830292423426302
197 3345 0.10819704331615365
197 3360 -0.9002087315941323
197 3375 -0.4632316684991622
197 3390 -0.11297012492426894
197 3405 0.7081715129498758
197 3420 0.33961591997991136
197 3435 0.3614800932213402
3270 212 0.8588953581471124
3270 227 0.49199458079461933
3270 241 0.8742158029003597
3270 256 0.4466723479836552
3270 3271 0.3735074746571052
3270 3285 -0.2697969523883652
3271 271 -0.23279080811355635
3271 286 -0.5083408020447506
3271 301 0.3732565387709317
3271 316 -0.31063948594312984
3271 331 0.5485538916454187
3271 346 0.5458224074451066
3271 362 -0.24313126333387247
3271 377 -0.9872662521284801
3271 392 -0.5807352833207304
3271 407 0.36586183223635316
3271 421 0.9371040106743003
3271 436 -0.47153150531918797
3271 3272 -0.3879750790576093
3271 3286 -0.2846327127551409
3272 451 -0.39109486555026063
3272 466 0.1197459702034589
3272 481 0.8953744981676706
3272 496 0.06522035744590671
3272 511 0.8376846797464768
3272 3287 -0.2050801540725422
210 211 0.5618882260571572
210 225 -0.6523581272178092
210 2910 0.6929394771504587
210 2925 0.6313112995575634
210 2941 0.9915348732162315
210 2956 -0.5083366029413419
210 2971 0.8831090160929072
210 2986 0.5273847842156725
210 3000 0.6705360775115465
210 3015 0.7491767884161209
210 3030 -0.6532275908226703
210 3045 -0.7032923069752679
210 3060 -0.6693706684319545
211 212 -0.29135030172762844
211 226 -0.18566459431338522
212 227 -0.8386632402589465
212 3285 0.6398110039914311
212 3301 0.2832305018369745
212 3316 -0.0394431503547954
212 3331 -0.25721091166588983
212 3346 -0.7200158883308303
212 3360 -0.2567623480153205
212 3375 -0.42405925411190615
212 3390 -0.7590053682336368
212 3405 -0.0100606606713729
212 3420 0.5815987957037123
212 3435 0.5782766876724814
3285 227 0.9465859238911503
3285 241 0.17917981001863326
3285 256 -0.0012252084698440857
3285 3286 -0.01443190987388876
3286 271 0.6138361053766874
3286 286 -0.5407047878018787
3286 301 -0.8831050424384905
3286 316 -0.5859508362209584
3286 331 -0.589788393014798
3286 346 0.9037593455023318
3286 362 0.8700474534965692
3286 377 0.4950100536871318
3286 392 -0.7075173199477216
3286 407 0.6424179213610508
3286 421 0.12077019614239215
3286 436 0.18119118600402473
3286 3287 -0.6592626042073475
3287 451 0.8673687851909004
3287 466 -0.8792707418694499
3287 481 -0.8699224486090356
3287 496 0.5867303934072325
3287 511 0.5631959807328617
225 226 0.9904121520159104
225 2910 -0.6321004923610181
225 2925 0.7181729200361622
225 2941 0.6772859239757807
225 2956 -0.13503479660275053
225 2971 -0.24282303340716704
225 2986 -0.3519575992385602
225 3000 0.8434466138733179
225 3015 0.6522639341000938
225 3030 -0.8206161670381666
225 3045 -0.26891060003882483
225 3060 -0.14154762482806182
226 227 -0.935644746454773
227 3301 0.3412143811447941
227 3316 -0.8616220775756416
227 3331 -0.23099097124062928
227 3346 0.8603967946173192
227 3360 -0.15430661314828154
227 3375 0.1016615112505197
227 3390 -0.37857585016139095
227 3405 -0.30564490608720996
227 3420 -0.8018424454198929
227 3435 0.39162238700454943
3300 3301 -0.3501439717105028
3300 3315 0.0699320642839123
3301 241 0.2635260075592447
3301 256 -0.7604191651486825
3301 271 -0.12395145810957997
3301 286 -0.3800796105453841
3301 301 0.84990679439813
3301 316 0.8793826348236731
3301 331 0.6973048935356305
3301 346 -0.3217454392799468
3301 362 -0.3916150065134958
3301 377 0.46684158407364973
3301 3302 -0.6920727459541895
3301 3316 -0.6962649621395884
3302 392 0.6445074465721023
3302 407 0.7707064759202957
3302 421 -0.12514884442114949
3302 436 0.10228453024628847
3302 451 0.43209841536355387
3302 466 0.787128436743167
3302 481 0.6799794039266045
3302 496 0.377693931063521
3302 511 0.6164773693054908
3302 3317 0.7236671319921211
240 241 -0.7947639742376782
240 255 0.40114118978724767
240 3030 -0.6667454855814328
240 3045 0.7701286939721326
240 3060 0.1158400329502387
241 242 0.3314213298864057
241 256 -0.9820530551199658
241 3316 0.6980196819842968
241 3331 0.6577625009251005
241 3346 0.9745538525279256
241 3360 -0.1290017610821208
241 3375 0.4635427606598008
242 257 -0.9226776582374394
242 3390 0.2449412208865902
242 3405 -0.4688726617181225
242 3420 0.18883880361120742
242 3435 -0.2213109798387416
242 3450 -0.10942244306265603
242 3465 0.6772725855557258
242 3481 -0.6572989844294836
242 3496 0.7683167751116462
242 3511 -0.4946300788318456
242 3526 -0.9780787587057975
242 3540 -0.44034227222015243
242 3555 -0.3447151293206585
3315 3316 -0.38854400863701666
3316 256 -0.9529658248060422
3316 271 0.4415183698290137
3316 286 -0.7855606412335971
3316 301 -0.31458397121718296
3316 316 -0.012541828448780601
3316 331 0.19847153962567088
3316 346 0.39936527945492273
3316 362 0.9626522641124806
3316 377 0.8314756586905905
3316 3317 0.6106805561193249
3317 392 0.8272125340831227
3317 407 0.9613842566930308
3317 421 -0.32475340648187756
3317 436 0.2556825817129824
3317 451 0.9217962091404852
3317 466 0.45867377790948116
3317 481 0.2082447364466511
3317 496 0.055637525004456956
3317 511 -0.6822251562030452
255 256 0.1162063235446813
255 3030 0.7970411623861671
255 3045 -0.11017845146361083
255 3060 -0.004880859280963046
256 257 -0.9998053432884288
256 3331 -0.3676413931127407
256 3346 -0.25558874623066274
256 3360 -0.39344845065505085
256 3375 0.6928575116380962
257 3390 -0.6376175121412855
257 3405 -0.8058939324738599
257 3420 0.8031474255005935
257 3435 -0.9826885712427051
257 3450 0.8096861913258184
257 3465 0.8238300844493787
257 3481 -0.02966056008582796
257 3496 0.23636895965257843
257 3511 0.1826928968882222
257 3526 0.683714429531159
257 3540 -0.7746784236495212
257 3555 0.547384816377974
3330 3331 -0.32509360581365554
3330 3345 0.4136496188908645
3331 271 -0.4672783069391404
3331 286 -0.43255894595938127
3331 302 -0.2707270359624463
3331 317 -0.5239176831882713
3331 332 0.863361889920746
3331 347 -0.17471274495281564
3331 362 -0.11892156618710681
3331 377 -0.6603943115583644
3331 3332 -0.6984045429242007
3331 3346 0.45486725304406783
3332 392 0.4432147296004545
3332 407 -0.964205865533444
3332 421 0.6489566153222184
3332 436 0.9475177538751527
3332 451 -0.47893920722997096
3332 466 -0.5351954504201692
3332 482 0.8548725810160562
3332 497 0.3914724920056798
3332 3347 -0.150590153378501
270 271 -0.6127271040832747
270 285 0.6135648066919448
270 3030 0.5891285126527694
270 3045 -0.18157010427747222
270 3061 0.7632094441936343
271 272 0.29406096805705717
271 286 0.06223095532941714
271 3346 0.35166789938531773
271 3360 -0.9363645161654066
271 3375 0.9998531403755155
272 287 0.6841072981125154
272 3390 -0.5701816878464616
272 3405 -0.8443974815211881
272 3421 -0.011965330684432729
272 3436 -0.6203561251661063
272 3451 -0.7661503131959067
272 3466 -0.958552956228053
272 3481 -0.7488879708131555
272 3496 0.06960250660793377
272 3511 -0.6516528970351072
272 3526 -0.5730572486472674
272 3540 -0.8213594321367419
272 3555 -0.6537223329867057
3345 3346 -0.44958117966247513
3346 286 -0.6838801338928617
3346 302 0.868967872038354
3346 317 0.013895574668014277
3346 332 -0.41103970761887565
3346 347 -0.7426399593726427
3346 362 -0.011259507927086077
3346 377 0.9273880555929122
3346 3347 -0.2912523398653013
3347 392 0.598770744387394
3347 407 0.18909873613195183
3347 421 -0.11496569929604505
3347 436 0.07775662428367713
3347 451 -0.756458688737375
3347 466 0.7830233834430527
3347 482 -0.029877196235474024
3347 497 -0.725569341844627
285 286 0.14717981908232236
285 3030 -0.12313264673105451
285 3045 -0.8091598865916989
285 3061 0.07556492636807621
286 287 0.40425816272379733
286 3360 0.24026640001127397
286 3375 0.9810689494450875
287 3390 -0.43953525192532883
287 3405 -0.7955829207152927
287 3421 -0.9851714711682211
287 3436 0.3907364904417636
287 3451 -0.6603455366614317
287 3466 0.4578821812220091
287 3481 -0.013615300940554409
287 3496 0.5609132937085051
287 3511 0.6150616280127246
287 3526 0.5582507531755412
287 3540 0.9881545788836117
287 3555 -0.5612269749704726
3360 302 0.13545270721127434
3360 317 0.9551274244828452
3360 3361 -0.808751309499852
3360 3375 -0.6307902925145052
3361 332 -0.7885348170794302
3361 347 0.7084817155431751
3361 362 -0.740175047693673
3361 377 -0.39297793423889193
3361 392 -0.38052491814419387
3361 407 0.8635394554426692
3361 421 -0.15086588061802786
3361 436 -0.19420773786105516
3361 451 0.26877118170499203
3361 466 0.26082834003450417
3361 482 0.7161499189367746
3361 497 0.429411516774058
3361 3362 0.7312898723552903
3361 3376 -0.26402851447526454
3362 3377 -0.5683485395921029
300 301 -0.22889282780757214
300 315 0.22227194113414805
300 2971 0.9193470757369835
300 2986 0.8060185803898776
300 3000 0.930694493113891
300 3015 -0.07945644656749762
300 3030 -0.4181825041550087
300 3045 -0.9625077048981041
300 3061 0.5010943785065936
301 302 0.6273839358676123
301 316 -0.9199201403731738
302 317 0.0025108349248206263
302 3375 0.2994032205858932
302 3390 0.1065093375652646
302 3405 0.20057791612839448
302 3421 -0.47771056136337253
302 3436 -0.020670592555387834
302 3451 -0.9846252508911875
302 3466 0.27121830802710356
302 3481 0.7111873037979766
302 3496 -0.26661174861124803
3375 317 -0.18004712557741387
3375 3376 -0.1990177367957766
3376 332 -0.592980089234951
3376 347 0.7149682383706262
3376 362 -0.04954031929133462
3376 377 0.2013373481640306
3376 392 -0.5370081435600624
3376 407 -0.6827133908083383
3376 421 0.9979625399084544
3376 436 -0.8093636761356582
3376 451 -0.8580800477185313
3376 466 0.4435462033376141
3376 482 0.7076517701045242
3376 497 -0.661911788894997
3376 3377 -0.6888914725970401
315 316 -0.4619434470681125
315 2971 -0.7862128855695314
315 2986 0.47732490423884544
315 3000 0.8483466102773898
315 3015 0.48716531725855683
315 3030 0.15096448818326635
315 3045 -0.8545171635087516
315 3061 -0.5673863997406141
316 317 0.6072494735642375
317 3390 0.9892715312872198
317 3405 0.5912138883575051
317 3421 0.3101000446524027
317 3436 -0.5347243290735268
317 3451 -0.8207694115354591
317 3466 -0.042000148776073276
317 3481 0.3695925653512455
317 3496 0.1652007736143084
3390 3391 0.2518754221944801
3390 3405 0.26841683077393497
3391 332 -0.4534016312878306
3391 347 0.34406444743988773
3391 362 0.013644040136881364
3391 377 -0.8364331629849604
3391 392 0.08348645400556554
3391 407 -0.4767038458531372
3391 422 -0.25522446252590303
3391 437 0.36493797765197566
3391 452 -0.7336633197879787
3391 467 -0.6115280569340464
3391 482 -0.07696828323458194
3391 497 -0.04874860501854039
3391 3392 0.8726187302447717
3391 3406 0.8478008839698803
3392 3407 0.5964535718258941
330 331 0.03904522652732001
330 345 0.6580592993752146
330 2971 0.4703646781200377
330 2986 0.946909154188617
330 3001 0.7272409520445426
330 3016 -0.7521981129723025
330 3031 0.9419748202918672
330 3046 0.769974427331529
330 3061 -0.04229924675709218
331 332 -0.8703426205399643
331 346 -0.9767050350944533
332 347 -0.6727996304611872
332 3406 0.3901238850333084
332 3421 -0.22636501298767286
332 3436 -0.8656919361829438
332 3451 -0.9192994809191297
332 3466 -0.20323526510601053
332 3481 0.26934863609354043
332 3496 0.15263301962320575
3405 3406 -0.08949335708997208
3406 347 0.033743941339891226
3406 362 -0.5454909023670647
3406 377 0.8076991800179034
3406 392 0.7482476545476235
3406 407 0.8855020344469982
3406 422 -0.5804382802239147
3406 437 -0.45953354976734406
3406 452 -0.48686087239071507
3406 467 -0.9292932250830546
3406 482 -0.7085728563212044
3406 497 0.05741059805068538
3406 3407 0.38357245159385256
345 346 0.459349665149559
345 2971 -0.9684031253597178
345 2986 -0.4412370934300929
345 3001 -0.4611268270764477
345 3016 0.9491824363891836
345 3031 0.2047009600352554
345 3046 0.9987736963154699
345 3061 0.8158502663514873
346 347 0.9931592862045813
347 3421 -0.7335576204388967
347 3436 -0.5765280929094225
347 3451 -0.5966155411214511
347 3466 0.6523461548116662
347 3481 -0.6865912981278601
347 3496 -0.6757373692619415
3420 3421 -0.023093305057249713
3420 3435 0.5237096800353558
3421 362 0.26350382979233866
3421 377 0.33538282465566827
3421 392 -0.8258646859840977
3421 407 -0.4950302925004473
3421 422 0.08292954815076925
3421 437 -0.29329072417472046
3421 3436 -0.7640496890298072
2910 2911 -0.5869304218338829
2910 2925 -0.40307280730923023
2911 360 -0.8844979758041274
2911 375 -0.6249988593632954
2911 390 -0.47066700093028957
2911 405 0.778059700581071
2911 2912 0.9957064225613959
2911 2926 -0.1233513800228283
2912 2927 -0.1271296035283438
360 361 0.2534725816220904
360 375 0.13328233103961384
360 2926 -0.7564581800176213
360 2941 -0.8288169346260268
360 2956 -0.6498043526594057
360 2971 0.7469846086466321
360 2986 0.14048689069077724
360 3001 -0.7486483832261528
360 3016 0.28567574920200145
360 3031 0.3911531609740935
360 3046 -0.5402089246548962
360 3061 -0.572620707622771
361 362 0.6535423948651524
361 376 -0.6692234829706618
362 377 -0.2571858297491565
362 3436 0.8899115541013907
3435 3436 -0.5196785206549772
3436 377 0.06607018154338329
3436 392 0.9160859712441562
3436 407 -0.8804651971525455
3436 422 0.7133322162996463
3436 437 0.864871775950169
3436 3437 0.4013824933695356
2925 2926 0.7206668675508996
2926 375 0.009231594551895705
2926 390 0.9622962580676728
2926 405 -0.5300120415427596
2926 2927 -0.667479438620564
3437 452 -0.3969495598291177
3437 467 0.4055579629696222
3437 482 0.03504436898232588
3437 497 0.07413612790657331
375 376 -0.8990823567457291
375 2941 0.21024699893993914
375 2956 0.7464768445418444
375 2971 -0.05308539840287585
375 2986 -0.970767789514327
375 3001 -0.3269812855987617
375 3016 -0.6755263777046185
375 3031 0.40186061560411157
375 3046 -0.0748972368644103
375 3061 -0.9750667480011168
376 377 -0.43643316157458023
3450 3451 0.7205559316139569
3450 3465 -0.5735093343881392
3451 422 -0.1402632957177492
3451 437 -0.7969034858874708
3451 3452 0.8975599093605595
3451 3466 0.33244021122066303
2940 2941 0.3205171505458406
2940 2955 0.38419336776834867
2941 2942 0.06383541318404728
2941 2956 0.9638488942382082
2942 390 0.7001481011676429
2942 405 -0.5544765716221958
2942 2957 -0.37025756684050903
3452 452 0.2695950443376214
3452 467 -0.6203063394866535
3452 482 0.19694148983048576
3452 497 0.22619239558090842
3452 3467 0.4790324525869747
390 391 0.9183512123670259
390 405 -0.12805981583352044
390 2957 0.31174178382385964
390 2972 -0.9423371628157888
390 2987 -0.603102673298767
390 3001 0.093264715703967
390 3016 0.38102089672409223
390 3031 0.8197527730724783
390 3046 -0.07186033703830796
390 3061 -0.458496713870451
391 392 -0.616242768081358
391 406 0.030620666785181605
392 407 -0.7783578353848448
3465 3466 0.18480971918044897
3466 422 0.6807760167894903
3466 437 0.44978380876319624
3466 3467 -0.02408791894754514
2955 2956 -0.07369428967367564
2956 2957 0.8366040896125708
2957 405 -0.3716352852454803
3467 452 0.6659647210506616
3467 467 0.1864503365219945
3467 482 0.8795402356863382
3467 497 -0.8965129950238513
405 406 -0.7256548584043103
405 2972 0.24767947146864522
405 2987 -0.9295358289132281
405 3001 0.6921808814337969
405 3016 -0.9359990404544798
405 3031 -0.6123518508610002
405 3046 -0.3467832334762515
405 3061 -0.14495973957050268
406 407 -0.3174106061417554
3480 3481 0.6279723521698779
3480 3495 0.6738682199955055
3481 3482 0.7463616691246571
3481 3496 0.9773135792444099
2970 2971 0.025472408498426136
2970 2985 -0.6456568136613743
2971 2972 0.32806499091393326
2971 2986 -0.020549661591719115
2972 480 0.623936520743863
2972 495 0.49270516307046575
2972 510 0.9204476217430548
2972 2987 -0.20698194005585413
3482 422 0.06957517000245361
3482 437 -0.83130070418334
3482 452 -0.8115903018063952
3482 467 0.9219210256199566
3482 482 0.9833438168971231
3482 497 0.6164110344036182
3482 3497 -0.3416507495795913
420 421 -0.564725528238476
420 435 0.6147941907810814
420 3031 -0.7925115134864269
420 3046 -0.2453681568009014
420 3061 0.00242793147719933
421 422 -0.7406077699904798
421 436 -0.10190162798028002
422 437 0.6520464475090191
422 3497 -0.2727586677565399
422 3512 -0.23885041142290708
422 3527 0.265157758595036
422 3541 -0.9219974562763296
422 3556 0.17455489733893237
3495 3496 0.48760640359172513
3496 3497 0.996259884894078
2985 2986 -0.576457152534555
2986 2987 0.8736102582224792
2987 480 -0.5951538293435643
2987 495 0.3716880648892549
2987 510 -0.7937538285084529
3497 437 0.013788991647563087
3497 452 -0.7602557442351909
3497 467 -0.3284104699448773
3497 482 -0.8374446988474904
3497 497 -0.3123408247346784
435 436 -0.26152727512855956
435 3031 0.6678222303680266
435 3046 -0.2095907213505921
435 3061 -0.15717887717847856
436 437 0.8224594206095761
437 3512 -0.6815792129718232
437 3527 -0.8570207504549396
437 3541 0.0830185316510037
437 3556 -0.9751597862267578
3510 3511 0.19819986885670038
3510 3525 -0.6284535182249187
3511 3512 0.8483376458486658
3511 3526 0.9955409214980475
3000 3001 0.6878431445243507
3000 3015 0.43652442869075925
3001 480 0.27562754820259805
3001 495 0.3557852689639216
3001 3002 -0.061367964542569764
3001 3016 -0.3918999833856711
3002 510 -0.3819110747318175
3002 3017 -0.34169439502225774
3512 452 -0.40125761718679853
3512 467 -0.6078860638038017
3512 3527 0.39712759484271376
450 451 0.027944330787919025
450 465 -0.2282813850407388
450 3031 -0.3180693260349088
450 3046 -0.17577700096787452
450 3062 0.9826895340856228
451 452 -0.11161555119787514
451 466 -0.4784090112517796
452 467 -0.11381684955009952
452 3527 -0.06982765034205496
452 3541 -0.7506370557816515
452 3556 -0.3480118090701567
3525 3526 -0.9012082170974709
3526 3527 -0.14534572802105217
3015 3016 -0.8396907066065169
3016 480 0.14792865199215766
3016 495 0.13663565632663066
3016 3017 0.8549073355881462
3017 510 0.37054216165010945
3527 467 -0.8090862304788975
465 466 0.11697638548835365
465 3031 -0.616749727499639
465 3046 -0.3329454479355951
465 3062 -0.25055637598239766
466 467 0.029308003206830913
467 3541 0.1211827204067768
467 3556 -0.07692052518536352
3540 3541 0.11491010254020684
3540 3555 -0.5262768081685361
3541 3542 -0.3051880596804941
3541 3556 0.5334779637966003
3030 3031 -0.536599215620797
3030 3045 0.6484978786057651
3031 480 0.009413064026572826
3031 495 0.4421262878777388
3031 3032 -0.09240823252357977
3031 3046 0.3877181860749157
3032 510 -0.055720845452138734
3032 3047 -0.6264731827716212
3542 3557 -0.7308952472301316
480 481 0.9694149692671294
480 495 0.4887055337338615
480 3046 -0.294303237298537
480 3062 0.1968931635382929
481 482 -0.04078533147296404
481 496 0.6631725625638829
482 497 0.21418153581691168
3555 3556 -0.43114246877685103
3556 3557 -0.587494363354091
3045 3046 0.847406261852448
3046 495 0.9031416554973031
3046 3047 -0.9887297405012925
3047 510 0.27920487851718656
495 496 0.6564776347979979
495 3062 -0.5990286476748004
496 497 0.43133469389979195
3060 3061 0.5114058787453604
3061 3062 -0.5232233630121688
3062 510 0.6784520946671582
510 511 0.2062507046298261
