3075 3075 0.7475426816769948
3076 3076 0.323247531839399
3090 3090 -0.5718301138130215
3091 3091 0.5947055208714802
30 30 0.6398508679603281
31 31 0.024653094095201
3105 3105 0.26315550833599155
3106 3106 0.8642734228157807
45 45 0.988807737748516
46 46 0.9878901933530593
3120 3120 -0.8662785315952382
3121 3121 0.050183872480149994
60 60 -0.4733427394271199
61 61 -0.23516154530025224
3135 3135 0.851803233738982
3136 3136 -0.43620562780278327
75 75 -0.7620244506470659
76 76 -0.7564737304301756
3150 3150 0.2966272972031212
3151 3151 0.16324523163493954
90 90 0.4160292823289804
91 91 -0.5185389118559922
3165 3165 -0.09912585229083026
3166 3166 0.2965829886572393
105 105 0.2920997845176925
106 106 0.2298022417489407
3180 3180 0.2707650450186745
3181 3181 0.0596663221019933
120 120 -0.8930705762333919
121 121 -0.8368255212926787
3195 3195 -0.08017687278028296
3196 3196 -0.6214501485334465
135 135 0.19661219814611042
136 136 0.35914725600695885
3210 3210 -0.45568548647562745
3211 3211 -0.8560192013896974
150 150 -0.155429635582089
151 151 -0.7850963260311399
3225 3225 0.5371312383532683
3226 3226 -0.0028927904481785838
165 165 -0.8635377892393443
166 166 0.32135143612242056
3240 3240 -0.8462344584706316
3241 3241 -0.7142236180743109
180 180 -0.6183165903178509
181 181 0.05302767175645484
3255 3255 -0.08278905956331739
3256 3256 0.004624930649103964
195 195 0.8398863472602569
196 196 -0.1083954524767401
3270 3270 -0.4363873261942217
3271 3271 0.31007243988037536
210 210 -0.7580846697831269
211 211 -0.3062115602169819
3285 3285 0.707436402432686
3286 3286 0.9238415985288935
225 225 -0.15089349139424058
226 226 0.16454386838262325
3300 3300 0.9602826986097455
3301 3301 -0.9547333065205887
240 240 0.7983905374564157
241 241 0.37571767224424146
3315 3315 -0.5191538706024224
3316 3316 -0.7825643552671406
255 255 -0.5629129700866813
256 256 0.9853015449204559
3330 3330 -0.2530794789921038
3331 3331 -0.6098696370346992
270 270 -0.7135122842376753
271 271 -0.8703407602263518
3345 3345 -0.6839062874652013
3346 3346 -0.824186585845585
285 285 -0.8983498779934032
286 286 -0.9643298640476019
3360 3360 -0.860781403589288
3361 3361 -0.3868172797180438
300 300 0.5830776159181885
301 301 0.4758834769370013
3375 3375 -0.5715525379626003
3376 3376 -0.2448059989454765
315 315 -0.4073857051251599
316 316 0.681423018547241
330 330 0.7335084591204513
331 331 -0.1543608493391604
345 345 -0.11302262404503138
346 346 -0.05500276234206303
2910 2910 -0.5634998650497265
2911 2911 0.5805866383066838
360 360 -0.6575425771353831
361 361 -0.8886482014139991
2925 2925 -0.4247980449077846
2926 2926 0.8012559933272587
375 375 -0.24664493016629585
376 376 0.5417399699618688
2940 2940 -0.8268495991555953
2941 2941 -0.24348120351016989
390 390 0.03522817024528124
391 391 -0.1497811464016876
2955 2955 -0.444631166387504
2956 2956 -0.7800589630250241
405 405 0.6697828715923522
406 406 0.06677545387111206
2970 2970 0.4757158033931099
2971 2971 -0.4516903713927558
420 420 0.8665390692250674
421 421 0.792968571496365
2985 2985 -0.6929928426899827
2986 2986 0.3344179944490666
435 435 0.30570501583370535
436 436 0.9695440970972589
3000 3000 -0.12508116720548967
3001 3001 0.625974117995709
450 450 -0.6598624953975754
451 451 -0.6750659374697954
3015 3015 -0.4857919230711383
3016 3016 0.009048711370900797
465 465 0.7547238773864093
466 466 0.8311150886405392
3030 3030 0.27233212540361307
3031 3031 -0.07595226581081582
480 480 0.3000409071435344
481 481 0.8441008698744825
3045 3045 -0.658948174907342
3046 3046 -0.1578410950117417
495 495 0.07312339412412472
496 496 0.8101475524158945
3060 3060 -0.017637842393821046
3061 3061 0.6652272515385025
3075 90 0.3454918376320377
3075 105 -0.6810566496458093
3075 120 -0.17182269025278307
3075 135 0.052492772194997483
3075 150 0.6029022087901841
3075 165 -0.7226105106575134
3075 180 0.42930069174502394
3075 195 0.890480809017206
3075 210 0.25052651653188196
3075 225 -0.05419682037082407
3075 240 0.8729537216977312
3075 255 -0.6154653910552403
3075 3060 -0.47353920387931336
3075 3076 -0.40075078778477313
3076 270 0.9002568825591961
3076 285 0.3497801418299449
3076 300 0.3975471472338845
3076 315 -0.12117854560927466
3076 330 -0.5943195718607575
3076 345 -0.14344374119906989
3076 360 0.10046066703035228
3076 375 0.668378027697504
3076 390 0.2969707982877243
3076 405 0.654985716460851
3076 420 0.2492410594899055
3076 435 -0.3795253612912397
3076 3061 0.15378662182918035
3090 90 -0.39107933098786063
3090 105 -0.5469777075313782
3090 120 -0.9177545386410102
3090 135 0.07164119013399217
3090 150 0.7135855414870127
3090 165 0.8773392267978823
3090 181 0.4414032708088571
3090 196 -0.7563783477913075
3090 211 0.6628672637547814
3090 226 -0.8712602223141901
3090 240 0.117797303180732
3090 255 -0.7291803578124576
3090 3091 0.9385715696922232
3090 3105 0.5174528902434505
3091 270 -0.3029243223044409
3091 285 -0.6892608348763212
3091 300 0.05767554004478126
3091 315 0.773782851575014
3091 330 -0.5259939597382413
3091 345 -0.4938490014015757
3091 361 0.9722896267915024
3091 376 0.9174740173706393
3091 391 -0.23209250117189684
3091 406 0.7386890477265562
3091 420 0.30418018846807016
3091 435 0.5080804523930178
3091 3106 -0.9443296441061149
30 31 -0.5603304611238811
30 45 -0.9681001041586355
30 2940 0.6504902039667415
30 2955 -0.8542298094549812
30 2970 -0.9907730021879824
30 2985 -0.5737998114045506
31 46 0.36269016037777657
31 3120 0.6249593192532794
31 3135 0.812193310673827
31 3150 -0.795212858068221
31 3165 0.8176491163516351
3105 90 0.20297588323328464
3105 105 -0.5559642073440911
3105 120 0.30232562162889565
3105 135 -0.3029515880390079
3105 150 -0.11695996473600156
3105 165 -0.27777519938288253
3105 181 -0.9124654081071211
3105 196 -0.16933741868894425
3105 211 0.7920277506823512
3105 226 -0.12160841310048043
3105 240 0.4452777074647263
3105 255 -0.26161535357343646
3105 3106 -0.14861245723813887
3106 270 0.7360201962165032
3106 285 0.42097213932628996
3106 300 -0.5349788156691386
3106 315 0.8220492899022318
3106 330 0.8854698318826724
3106 345 -0.6455659994268714
3106 361 0.7221415611976947
3106 376 -0.6888672853435547
3106 391 -0.9230168491513526
3106 406 -0.505998443962671
3106 420 -0.8562184348779742
3106 435 -0.8817661311802489
45 46 -0.11498618981648878
45 2940 0.43705281697200715
45 2955 0.8688160031088108
45 2970 0.6791672633520445
45 2985 -0.7000042416075287
46 3120 -0.3411335853823396
46 3135 -0.6260881513723702
46 3150 -0.5826450245170078
46 3165 0.11648211789495266
3120 60 -0.49449553490053
3120 75 0.3022317136621808
3120 90 0.8526448480783
3120 105 0.08426732751712551
3120 120 0.5235168214664407
3120 135 -0.8369964625653346
3120 150 0.45206136864832724
3120 165 -0.6529475278047194
3120 181 -0.7835708591775079
3120 196 0.011237099641264736
3120 3121 0.9076386730083383
3120 3135 -0.20739266179511473
3121 211 -0.904351870305353
3121 226 0.3017712714446288
3121 240 0.8307812318651742
3121 255 0.42843146688300004
3121 270 0.5649769546605896
3121 285 0.5647746052435436
3121 300 0.1754860914325287
3121 315 -0.5536500625675576
3121 330 0.40136256250941904
3121 345 -0.37576544160474046
3121 361 -0.6371068776944402
3121 376 -0.9625102811362964
3121 3136 0.49784914658855417
60 61 -0.663197658268794
60 75 0.5304211149192906
60 3135 0.9336401012517945
60 3150 0.8338537400063635
60 3165 0.5715101925049009
61 76 0.9871340123639958
61 3300 0.11425890512492054
61 3315 -0.04751424409131255
61 3330 -0.9797163641579167
61 3345 -0.5968753099059394
3135 75 -0.39283217787422275
3135 90 -0.6001936350581749
3135 105 0.8488826165419767
3135 120 0.8880093737700052
3135 135 -0.6793106773134967
3135 150 -0.900226496860214
3135 165 -0.9216567442038399
3135 181 0.6895447782540491
3135 196 0.17311173927809675
3135 3136 -0.5328540088245717
3136 211 0.24230537964551635
3136 226 -0.8738033872642756
3136 240 -0.1530531538847033
3136 255 0.32461218064749797
3136 270 -0.7412540576632727
3136 285 -0.23317337110323022
3136 300 -0.23221643257006086
3136 315 -0.12565185467789042
3136 330 -0.5612171001033983
3136 345 -0.08703095123095439
3136 361 -0.5954606307717756
3136 376 -0.33914031961495206
75 76 0.6420462587441846
75 3150 -0.6816924160524378
75 3165 -0.7272094129956417
76 3300 0.8181533919250956
76 3315 0.8524149371746756
76 3330 0.6940896466969515
76 3345 -0.5424029894276323
3150 90 -0.31561964692327327
3150 105 0.22486623893777602
3150 121 0.850375101815982
3150 136 -0.14244576911784002
3150 151 0.037864134947356076
3150 166 0.46160629666155173
3150 181 0.2468708860148079
3150 196 0.11759561024604581
3150 3151 0.44458333936513417
3150 3165 0.35937830206286425
3151 211 -0.8058823084100162
3151 226 0.04022332532734185
3151 240 0.21518935038731568
3151 255 0.9595587324568982
3151 270 -0.28846120165727784
3151 285 0.47945192406260717
3151 301 -0.21877951628879133
3151 316 -0.9178113960419423
3151 331 0.8067524845419032
3151 346 0.06422638940353553
3151 361 -0.3454592741099505
3151 376 -0.6690003740243957
3151 3166 -0.7380665269870925
90 91 0.9386159394160809
90 105 0.053337850035270806
90 3060 0.0053137486362517805
90 3165 0.1535558364714873
91 106 0.6140245497289265
91 3240 -0.8469135763112132
91 3255 -0.990162598142923
91 3270 0.9031889484910938
91 3285 0.6196845248551928
91 3300 0.9040702164619594
91 3315 -0.03177015190331178
91 3330 -0.9435160417633128
91 3345 0.3113964219313554
3165 105 0.2047085085251903
3165 121 -0.818633348990444
3165 136 -0.013855685630238535
3165 151 -0.7233118937511958
3165 166 0.34642936036527017
3165 181 -0.9596789695007155
3165 196 -0.5875986582051214
3165 3166 0.7744808323385006
3166 211 0.9894090020605322
3166 226 0.6517867263058033
3166 240 -0.24563154551557576
3166 255 0.6201423051290356
3166 270 -0.30675095570924116
3166 285 -0.014915908932667366
3166 301 0.531565123426575
3166 316 0.2615896910750797
3166 331 0.6367248011866078
3166 346 0.8437990235488673
3166 361 0.0862367194266831
3166 376 0.2774423412713889
105 106 -0.3431962419621397
105 3060 -0.5550297197009744
106 3240 -0.327714055317623
106 3255 0.36271134466528765
106 3270 0.6448018444567682
106 3285 -0.4383489190585015
106 3300 0.26172036954704136
106 3315 -0.30690597442442646
106 3330 -0.44812116876336594
106 3345 0.4850601231849785
3180 151 0.9743103960026531
3180 166 0.9402385456708935
3180 181 -0.4689749788062605
3180 196 -0.4879431163632342
3180 211 0.3893711759332137
3180 226 0.36708585270485794
3180 240 0.19270207439908038
3180 255 0.8597682762115488
3180 270 -0.07467117385750366
3180 285 0.5874011096738752
3180 301 -0.9496404108785139
3180 316 -0.5477341215727811
3180 3181 -0.9176758584919611
3180 3195 0.4507130420275507
3181 331 -0.5536400624991884
3181 346 0.42329351435882834
3181 361 0.6334555085276741
3181 376 0.5898151640662408
3181 391 0.6055346741815204
3181 406 0.2536204185789088
3181 420 0.01721086839134922
3181 435 -0.35189155050661536
3181 450 -0.7038336613665153
3181 465 -0.8764887466630114
3181 481 -0.3673162105976353
3181 496 0.08804788275106135
3181 3196 -0.6931358209376226
120 121 -0.9681000548547927
120 135 0.3780809145170583
120 2970 -0.12123761961457324
120 2985 -0.8424789802096178
120 3060 -0.5585649538185951
121 136 -0.43067890687989374
121 3240 -0.06652759113451867
121 3255 0.4882008395626909
121 3270 0.9218362500892949
121 3285 -0.40367538477078924
121 3300 -0.6759073051714837
121 3315 -0.8684861946402682
3195 151 -0.701416617384538
3195 166 0.2541493665527579
3195 181 0.9780120183392207
3195 196 0.16866696151844507
3195 211 0.6693680463500884
3195 226 0.4389984723757896
3195 240 -0.10381081926666713
3195 255 0.24348124031270357
3195 270 0.09269493353339864
3195 285 -0.7655211958918213
3195 301 -0.4916498397703215
3195 316 -0.3121323179185762
3195 3196 -0.6818974434427338
3196 331 0.5180253177611147
3196 346 -0.8485982778911485
3196 361 -0.44559417087798914
3196 376 0.30724992877881196
3196 391 -0.47070238079114346
3196 406 0.2231349591604146
3196 420 0.4941294550160271
3196 435 -0.8861612761704583
3196 450 -0.625496635899562
3196 465 -0.9223140793704365
3196 481 0.9100283752661804
3196 496 0.8916163686181151
135 136 0.6037359223129561
135 2970 0.37881904378767994
135 2985 0.22686365161680655
135 3060 -0.5822195353099231
136 3240 -0.3300555113161676
136 3255 -0.15891094283431628
136 3270 -0.7775051525388441
136 3285 -0.878307252231515
136 3300 -0.4038660770385196
136 3315 0.5774759463905803
3210 151 0.0020101897168025573
3210 166 -0.008850094044209111
3210 181 -0.05999256588650814
3210 196 -0.0027240736045752723
3210 211 -0.6329787405867437
3210 226 0.5622168307580382
3210 241 -0.8052299626737727
3210 256 -0.5228241506935516
3210 271 0.5516851906259832
3210 286 -0.6286943931793909
3210 301 0.6346132366602393
3210 316 0.7181598592158056
3210 3211 0.2603652485281218
3210 3225 -0.4927888356746595
3211 331 -0.03829163266720337
3211 346 0.6028819049029346
3211 361 -0.8824439755100135
3211 376 -0.16530503392454698
3211 391 0.022604891729475662
3211 406 -0.3877638192623676
3211 421 -0.5007257502484712
3211 436 0.2814937043608543
3211 451 -0.433346894654252
3211 466 0.40014832323455285
3211 481 -0.19347896410500853
3211 496 -0.0025899022581519215
3211 3226 -0.2389515909278277
150 151 0.4058930643688341
150 165 0.9128088191098209
150 2970 -0.25930490847719256
150 2985 0.3809942592884785
150 3000 0.5219208443445891
150 3015 -0.8472740610158898
150 3030 0.378409158645008
150 3045 0.41919122245847973
150 3060 -0.816197751288174
151 166 -0.9028846081702879
151 3225 0.7487116784849497
151 3240 0.2707860732400289
151 3255 0.7809896645958532
151 3270 0.3511812506608094
151 3285 0.7997923235959554
151 3300 0.8685249572004121
151 3315 0.13497863348735595
3225 166 0.516031976981981
3225 181 0.1341608336748339
3225 196 0.22078729581121692
3225 211 -0.7119012608441759
3225 226 -0.05007075190186128
3225 241 -0.8306749517805709
3225 256 -0.8010536512806954
3225 271 0.7479738422778723
3225 286 0.1757115584971254
3225 301 0.4954899860934159
3225 316 -0.0256784191782522
3225 3226 -0.21306954144241952
3226 331 0.9692467027957712
3226 346 -0.8958897562110317
3226 361 -0.5661774132605644
3226 376 -0.4564113829726506
3226 391 -0.5560783979201604
3226 406 0.3513575002851448
3226 421 -0.49520420759292527
3226 436 0.5619234318777864
3226 451 -0.32806714459594133
3226 466 -0.7677101360086234
3226 481 0.1264665861617995
3226 496 0.85937311713508
165 166 0.7213075303114187
165 2970 0.4031632849502642
165 2985 0.0581809036750669
165 3000 -0.03467441110438507
165 3015 -0.1616220360793228
165 3030 0.30166970950257865
165 3045 0.783032820298617
165 3060 0.5454431358393572
166 3240 0.25906907884773633
166 3255 0.284406655554031
166 3270 0.14361581946224167
166 3285 0.5837448016058284
166 3300 -0.8217088822991974
166 3315 -0.9896262162833158
3240 181 0.27605318838056214
3240 196 -0.6194033312247953
3240 211 0.743014121081571
3240 226 0.9329351185033365
3240 241 -0.6535952854649023
3240 256 0.7538826783534511
3240 3241 -0.1824949702949057
3240 3255 0.9714376937263716
3241 271 -0.7842763339389709
3241 286 -0.06452172723938454
3241 301 0.9718077857869425
3241 316 0.006772570078531048
3241 331 -0.575698861181736
3241 346 0.006142939394829794
3241 361 -0.4317469287458373
3241 376 -0.22067837585003858
3241 391 -0.6536020134769809
3241 406 -0.349022882329717
3241 421 0.13233439254653256
3241 436 -0.13043085742522353
3241 3256 -0.16781648690748963
180 181 0.1908032954553327
180 195 -0.5980865672597457
180 2910 -0.9206671856793383
180 2925 0.9789777269284561
180 2940 -0.04765387655205444
180 2955 0.5646874802566499
180 2970 -0.29432341129695616
180 2985 -0.3553453661298944
180 3000 -0.9090867689312914
180 3015 -0.47007245612725646
180 3030 -0.29173378736297284
180 3045 -0.7256826317956921
180 3060 -0.44723373786352405
181 196 -0.8010998489987398
181 3255 -0.17012487179647606
3255 196 0.9368210686848584
3255 211 -0.17767126269962663
3255 226 -0.8693361496520016
3255 241 -0.896833889083432
3255 256 -0.7032188179803782
3255 3256 -0.5528751180914846
3256 271 0.34666237635547437
3256 286 -0.8410655869933836
3256 301 0.00041141965709035055
3256 316 -0.4314710000044657
3256 331 -0.45048015171763045
3256 346 0.8979390214001219
3256 361 0.15953719351482665
3256 376 0.013594161537572758
3256 391 -0.9227959318900933
3256 406 -0.4563104187262492
3256 421 0.47841921538919707
3256 436 -0.8940220871665756
195 196 -0.8957850146642619
195 2910 0.06755350761440049
195 2925 0.15449755851503366
195 2940 -0.16293604591098587
195 2955 -0.5837051534791471
195 2970 -0.23113509765185025
195 2985 -0.9219609054686198
195 3000 0.8100651133947789
195 3015 -0.9879721938663351
195 3030 0.1833582659393469
195 3045 -0.8656892830478571
195 3060 -0.23819003616973022
3270 241 0.7912538189874829
3270 256 0.6423712656685072
3270 3271 -0.3059069361108586
3270 3285 -0.9301967583681738
3271 271 -0.3693016457487226
3271 286 0.4196521814170815
3271 301 -0.8026883835632057
3271 316 0.8066835017825094
3271 331 0.011161126616475503
3271 346 -0.4149033571141876
3271 421 0.1436422872543459
3271 436 -0.010946315635752102
3271 3286 0.39801440832254875
210 211 0.5097597029310574
210 225 0.665579742074093
210 2910 -0.8622835844696253
210 2925 -0.11126878341473878
210 2941 -0.3124920338122623
210 2956 0.8173737441747813
210 2971 0.40480012691927003
210 2986 -0.8953527480099159
210 3000 0.45858376361999387
210 3015 0.41432862003912296
210 3030 0.44568897640874106
210 3045 0.8881811313497039
210 3060 0.742615395792372
211 226 -0.7419915530611461
3285 241 -0.9385828059977435
3285 256 -0.7475353910579516
3285 3286 -0.7972218590167346
3286 271 0.5434625272369056
3286 286 0.061919342442116054
3286 301 -0.37318723931156894
3286 316 -0.037316174069716324
3286 331 0.5821367406281834
3286 346 -0.19930750985449186
3286 421 -0.7900840396927278
3286 436 0.13947798188335292
225 226 -0.2708877658116713
225 2910 -0.2913459007691317
225 2925 0.41835501582525647
225 2941 -0.8233056262769145
225 2956 0.49065065617152936
225 2971 -0.38987723567795785
225 2986 0.16461233523687469
225 3000 -0.8715793613899052
225 3015 -0.967703354839577
225 3030 0.2506613195989693
225 3045 -0.8221405651644129
225 3060 0.16636548919826266
3300 3301 0.33466187764195277
3300 3315 -0.37301995714336655
3301 241 -0.5328058772975099
3301 256 0.3706225969472221
3301 271 -0.7537724375830352
3301 286 0.2948647084843745
3301 301 0.2030294543775979
3301 316 0.5437690701711713
3301 331 -0.7701549796151117
3301 346 -0.4352768090432195
3301 3316 -0.2908346020783408
240 241 -0.40431471023836507
240 255 0.3300194557635374
240 3030 0.10412596044593347
240 3045 0.07357490969883385
240 3060 0.13391014723845984
241 256 0.9572532252277599
241 3316 0.822771608586838
241 3331 -0.7573941434178637
241 3346 -0.24162094131157108
241 3360 -0.44235615008925455
241 3375 -0.4553390924556864
3315 3316 0.9332677878290543
3316 256 -0.5429970955534675
3316 271 -0.9410185090473642
3316 286 -0.255411798954823
3316 301 -0.6711174281081025
3316 316 0.7501227479425712
3316 331 0.6462462166549985
3316 346 -0.3339369776308825
255 256 -0.4935942434056071
255 3030 0.748985058934114
255 3045 0.973890321881502
255 3060 -0.9594253031527304
256 3331 -0.03414449785542639
256 3346 -0.7716676153154602
256 3360 0.689354891926349
256 3375 -0.07713574115949373
3330 3331 0.9143912249759378
3330 3345 0.9970983013025438
3331 271 0.3394893235328793
3331 286 -0.34179688547469245
3331 3346 0.5999271919297362
270 271 0.789883705602527
270 285 -0.9739206235938
270 3030 -0.6748714888856913
270 3045 0.6923654271658912
270 3061 0.019675761797820934
271 286 0.10639758943515365
271 3346 0.6968091793972544
271 3360 0.15110280389646702
271 3375 0.3246944318916536
3345 3346 0.5596517858569896
3346 286 -0.19554529733469717
285 286 0.8061504254583629
285 3030 -0.46389045742786883
285 3045 -0.7398988042767349
285 3061 -0.3814036973119346
286 3360 0.42523695644460524
286 3375 0.16594634393087992
3360 3361 0.11214023047715771
3360 3375 -0.0028241348365214414
3361 421 -0.5581316003029466
3361 436 0.5381306703945472
3361 451 -0.3003472055609133
3361 466 0.799703693090885
3361 3376 -0.9278010579338005
300 301 0.9489970302131714
300 315 -0.1539923423097178
300 2971 0.5690831837828587
300 2986 -0.3724467593094041
300 3000 -0.7931635067229441
300 3015 -0.9496283553025793
300 3030 -0.36455678395750346
300 3045 0.37817611313597976
300 3061 0.4108044266633548
301 316 -0.5297612478139406
3375 3376 -0.3302843411234553
3376 421 -0.25383863158621356
3376 436 0.022142192576803055
3376 451 0.9760674453588944
3376 466 -0.36348164828770857
315 316 0.020760553663615067
315 2971 0.8939238510616729
315 2986 -0.20646981086602034
315 3000 0.5212996680088056
315 3015 -0.14644529733789913
315 3030 -0.3484864836807462
315 3045 0.9904870657044413
315 3061 0.14707183484993513
330 331 0.055154001026444854
330 345 0.1777692897812826
330 2971 0.06173856728554217
330 2986 -0.8849138921253994
330 3001 -0.8524858549733467
330 3016 -0.9019189070862961
330 3031 0.7545696104141666
330 3046 0.8037733940016025
330 3061 -0.8387273406836571
331 346 0.05085823037950177
345 346 -0.5904144584250233
345 2971 0.9892517308054651
345 2986 0.41504143343602107
345 3001 0.9448435220448959
345 3016 -0.09544403374334598
345 3031 -0.5946427953806126
345 3046 -0.9386302891512099
345 3061 0.41494276001899855
2910 2911 0.684816228341433
2910 2925 -0.733601216871794
2911 360 0.9219807453909998
2911 375 0.7833422240516474
2911 390 -0.6562648268537563
2911 405 -0.3223526036650042
2911 2926 -0.7198647378649397
360 361 0.9352144878997319
360 375 0.47811477592191487
360 2926 0.2921931407144718
360 2941 0.7504351808988892
360 2956 -0.5222029782884618
360 2971 -0.7618475904692406
360 2986 -0.1255077065530239
360 3001 0.009075539012316058
360 3016 -0.8816871050239703
360 3031 0.6366238237174653
360 3046 0.32572144419694116
360 3061 0.6170229928153992
361 376 0.2889474718346128
2925 2926 -0.8920138015058596
2926 375 0.18676090883159047
2926 390 -0.9327750602555656
2926 405 -0.6722067906496971
375 376 0.6320453114131821
375 2941 -0.29802742266720594
375 2956 0.8324339960561504
375 2971 -0.2051524190538747
375 2986 -0.4615074343450214
375 3001 0.286424333856083
375 3016 -0.9505093633827895
375 3031 -0.9274046404132272
375 3046 0.1867747208285524
375 3061 -0.2823546509911552
2940 2941 -0.6728498156645129
2940 2955 -0.19838481850759737
2941 2956 0.3392470707919526
390 391 0.37391036245008746
390 405 -0.12470950614565601
390 3001 -0.5731185884168826
390 3016 -0.5645892263927681
390 3031 -0.25085326798520335
390 3046 -0.8178570535990761
390 3061 -0.352816290689427
391 406 -0.18012110986784258
2955 2956 0.2283131443128359
405 406 0.9794207399979109
405 3001 0.7041571667258095
405 3016 0.874148413490617
405 3031 -0.08237857236022794
405 3046 0.5864735361952251
405 3061 -0.8230533639802178
2970 2971 -0.35831913254569514
2970 2985 -0.9979764213626272
2971 2986 0.7906205869189611
420 421 0.36000654276491284
420 435 0.1599073986443409
420 3031 0.47060273615362136
420 3046 0.3579671385631915
420 3061 -0.4099809565713117
421 436 0.10172973594214496
2985 2986 -0.18345632117835864
435 436 0.6257912790529341
435 3031 -0.6804179288752599
435 3046 -0.15804766414967908
435 3061 -0.8960978733838585
3000 3001 0.882549539724921
3000 3015 -0.7366469663512705
3001 480 -0.8505889335954346
3001 495 0.6701772241412509
3001 3016 -0.3517068159200891
450 451 0.23202130411598754
450 465 -0.5869816076602163
450 3031 0.24399315838455715
450 3046 -0.0606789523653517
451 466 -0.8373674273323439
3015 3016 -0.2198674367793465
3016 480 0.8029224518019205
3016 495 0.07497330605677965
465 466 0.21565454975194043
465 3031 0.34003926141534535
465 3046 0.6188465022165823
3030 3031 0.054326644218314346
3030 3045 0.032261155684667475
3031 480 -0.4950075600260082
3031 495 0.10304584988135623
3031 3046 -0.9026305881095467
480 481 0.3500867021022762
480 495 -0.4201107730497631
480 3046 0.6808571142027324
481 496 0.1633619047792525
3045 3046 0.26163308674815533
3046 495 -0.18624717712879235
495 496 0.6306518290236531
3060 3061 0.8090258511930384
