0 0 0.21558546559192848
642 642 0.12653300587208083
132 132 -0.713880059676784
6 6 0.7002836375882326
648 648 0.16865452593372066
138 138 0.7343594125546475
12 12 0.07214357324599963
654 654 0.6532188696459567
18 18 -0.6204020292399199
660 660 0.9598832706579667
666 666 0.5464069623323959
30 30 0.028071383043344555
672 672 -0.5059125184766378
36 36 -0.5795834893029734
678 678 0.060092709818582835
42 42 0.5901407269989878
684 684 -0.9638580032678867
48 48 -0.08654355942229786
690 690 -0.6757888069535603
54 54 -0.5772838968459229
696 696 0.9502060964987598
60 60 0.7132634907512805
702 702 0.1974365007022829
66 66 0.09553889189130693
708 708 0.5315330672422065
72 72 0.8569416461483914
714 714 -0.5881229102170693
78 78 0.3215591152291566
720 720 -0.5117883441513689
84 84 0.8163516806150592
726 726 -0.7051151317719571
90 90 0.6064689626245559
732 732 0.16224063944391043
96 96 -0.9877314023854997
738 738 0.3332895756678984
102 102 0.13551242976240885
744 744 -0.440923722847093
108 108 -0.07966127426693337
750 750 0.5504470784665954
624 624 -0.9450094730544116
114 114 -0.30049105727441217
756 756 -0.14964669648452444
630 630 -0.15449007520635694
120 120 -0.9612015238917171
762 762 -0.11061731151237164
636 636 -0.6435562338492857
126 126 0.5972390785805339
0 6 0.012539023573407748
0 624 0.2086421188117773
0 636 -0.14735142034097426
0 648 -0.32975933920466516
0 660 -0.5436080268082337
0 672 -0.4948137684911369
0 684 -0.8360552985651186
0 696 0.4310231486466505
0 708 0.3346095118564576
642 48 0.2374169943203681
642 60 0.2551716161289366
642 72 0.5620279740560732
642 84 -0.09897029984353267
642 96 0.7479604303091363
642 108 -0.08512191470144592
642 120 0.4102421386506141
642 132 0.15306536723511388
642 636 -0.17445220321493404
132 138 0.9495237658827138
132 630 -0.09891327918068993
132 654 0.8011028583427307
132 666 0.5057416063261537
132 678 -0.8277257336585511
132 690 0.3150515904578475
132 702 0.9265512777869402
132 714 -0.7151949431035112
6 672 -0.7355860232889853
6 684 -0.9675582315718556
6 696 0.9594431966435224
6 708 -0.3045289168536589
6 720 0.09273077060316837
6 732 0.027569728816530192
6 744 0.7107750169673648
6 756 -0.26749196643477324
648 12 -0.7066554333739243
648 36 -0.08757485261413
648 48 0.49637187252779524
648 60 0.05681247614300822
648 72 -0.8027602365793183
648 84 -0.7325594134737721
648 654 -0.27431952696283113
138 678 0.2551984355685488
138 690 -0.2394619359528669
138 702 0.0696165158067239
138 714 0.9619999350950263
138 726 0.6047155189948441
138 738 0.6456870578262561
138 750 0.854051285042031
138 762 0.03521966468501403
12 18 0.13448307070822185
12 624 -0.17690521355163402
12 636 0.6076452323318609
12 660 0.7399839111302793
12 672 0.8873613139119265
12 684 -0.9977984234811546
12 696 0.8456214958820865
12 708 0.3794787716172652
654 48 0.6748708666249241
654 60 -0.5932717036896695
654 72 -0.13239216415318467
654 84 -0.6554288500835244
654 96 -0.3885862776474469
654 108 -0.9408415020466461
654 120 -0.8150672878292329
18 672 -0.4733235015369732
18 684 -0.9999403027577154
18 696 0.09159530989097764
18 708 0.13964572015399557
18 720 0.8042555390922206
18 732 -0.6800729958267455
18 744 -0.5839088009686519
18 756 0.6571655494319184
660 36 0.2726565664377636
660 48 0.14037936249521632
660 60 0.37771920923357505
660 72 0.7899891493411808
660 84 0.7149821693781675
660 666 0.6633940643448839
666 48 0.31201442517610567
666 60 -0.3146297302858705
666 72 -0.6691952478793954
666 84 0.6142044720290285
666 96 -0.9760576013952231
666 108 0.8599398414940598
666 120 -0.8683800282485012
30 672 0.7071712753602792
30 684 0.3249626303116142
30 696 -0.03387469502649609
30 708 0.13167188772981642
30 720 0.9991574141875887
30 732 0.9319901309835252
30 744 -0.9790851379259937
30 756 0.4220956469988313
672 36 0.6780182327618469
672 42 0.7222114059247613
672 48 0.8907194014998667
672 54 0.6094056306004261
672 60 0.6049649652130478
672 66 -0.2021187246895395
672 72 -0.9034553927120557
672 78 0.8667776526669271
672 84 -0.8395953088854617
672 90 -0.7053521268100054
672 678 -0.9374017552999263
36 42 0.774864814781639
36 624 -0.8514701885823841
36 636 -0.8520932641850181
36 684 -0.8681649534217253
36 696 -0.17464865670912655
36 708 -0.45730428976243886
678 48 0.4996658598589341
678 54 0.9832811093279248
678 60 -0.48279041855268034
678 66 0.4370341246663585
678 72 -0.5320511387629583
678 78 -0.7492513302390915
678 84 -0.11850870603004293
678 90 -0.12507910586947912
678 96 0.23601931647400698
678 102 0.3530236714990367
678 108 -0.8254500190190768
678 114 0.2453901443863098
678 120 0.6604928341649474
678 126 0.5889315156285826
42 684 -0.8209826225001047
42 696 -0.952015530564178
42 708 -0.10072719886611692
42 720 -0.14731539510123692
42 732 0.8735321527227846
42 744 0.10079879436514538
42 756 0.3358929223295817
684 48 -0.8230982945081062
684 54 -0.14080772879875703
684 60 -0.5504900917034723
684 66 0.6344718335037267
684 72 0.42509615466221917
684 78 0.47736677558601026
684 84 -0.5854316054209965
684 90 -0.568796022081411
684 690 0.652555743679679
48 54 0.4582679521435582
48 624 -0.923948278909829
48 630 -0.17736948255887408
48 636 -0.8551823239567382
48 690 0.4910802037917408
48 696 -0.45798309326215536
48 702 -0.25329374690681816
48 708 -0.21062763845804278
48 714 -0.6765938933407529
690 54 0.3470627743845611
690 60 -0.8785098166805372
690 66 0.35547467824944934
690 72 0.6740068522181901
690 78 -0.023317353651316486
690 84 0.7789358676201941
690 90 -0.05686417197172511
690 96 0.9436266891631124
690 102 -0.6276166786676438
690 108 0.5104371106615673
690 114 0.8357928843731415
690 120 -0.9820114057648022
690 126 0.045959831246060734
54 696 0.7729209791270457
54 702 -0.7071063559945199
54 708 0.16564333804829268
54 714 0.09611284696211841
54 720 -0.8048100608131636
54 726 0.990743086451991
54 732 0.7652132301040846
54 738 0.41577076059553897
54 744 0.9789635485491908
54 750 0.7101368654919265
54 756 0.20062691278762612
54 762 0.1872106935387643
696 60 0.7069961066569272
696 66 0.7562883765032566
696 72 -0.29789046636273686
696 78 -0.19569137373786916
696 84 0.3630347494557924
696 90 0.37553625819738246
696 702 0.08390233753544818
60 66 0.7642945825750194
60 624 -0.9403861060390464
60 630 -0.07262208285479765
60 636 -0.504942668431253
60 702 0.28331325301021093
60 708 0.7449565885926701
60 714 0.22885663399720402
702 66 0.011187245434444382
702 72 -0.8725102407787859
702 78 0.602014478977027
702 84 0.32084688062206523
702 90 0.22106042983375596
702 96 -0.45509340935247167
702 102 -0.3368888788478781
702 108 0.2588546411833992
702 114 0.3729154772669634
702 120 0.2829073378211555
702 126 -0.7649413289887375
66 708 0.0318755378793818
66 714 -0.4802778036447284
66 720 0.43614122559111235
66 726 0.9597919561279837
66 732 -0.08015365446775458
66 738 0.1334065724032556
66 744 0.9208943353458927
66 750 -0.5999610977650673
66 756 0.7789421881204184
66 762 -0.6904589186446715
708 72 -0.7072877187551905
708 78 -0.600908168062011
708 84 0.9883869691820388
708 90 -0.37863513833930074
708 714 -0.00040744228253575265
72 78 -0.9998691386220735
72 624 -0.7922876599326956
72 630 -0.09022238514010339
72 636 -0.23030117147892337
72 714 -0.722848535585954
714 78 0.12476843206550758
714 84 -0.3150165100393998
714 90 -0.5986488122490183
714 96 -0.06799549491568979
714 102 -0.15922214392058764
714 108 -0.27483484690595916
714 114 -0.402561768862544
714 120 0.46930066412890525
714 126 -0.21904735370253636
78 720 0.3382087314788398
78 726 -0.28690940604127846
78 732 0.3007648191700891
78 738 -0.6862706141638093
78 744 0.17594547442555863
78 750 0.8343399999768455
78 756 0.3635402029458463
78 762 0.7390552087386661
720 90 0.7267946769921887
720 726 -0.34952656975658636
84 90 0.7430827406839675
84 624 0.6166454369994705
84 630 0.44930170993189766
84 636 0.23073627506427652
726 90 0.23412956790541162
726 102 -0.24255277759530602
726 114 -0.689345482018773
726 126 0.4790929626683391
90 732 -0.31166863934238576
90 738 0.25915690085064047
90 744 0.26347596343980806
90 750 -0.2453186267607994
90 756 0.9936510000566843
90 762 0.5147859388376721
732 738 0.10566143986371102
96 102 0.7297557420369767
96 630 -0.5636956905265376
738 102 0.5704464529180548
738 114 0.7861864452637595
738 126 0.004410123781518394
102 750 0.946364090534225
102 762 -0.4891123410434155
744 750 -0.8301217269920487
108 114 -0.8283062584693983
108 630 -0.44443390910560354
750 114 -0.9024210246634274
750 126 -0.21589807268005456
624 630 0.9921725855905157
114 762 0.39662933281160906
756 762 -0.6646900966619254
630 120 -0.8573669621211857
120 126 0.00016818723281164516
762 126 0.3767747902566734
