0 0 -0.7665691097203686
1 1 -0.3903460226286335
2 2 0.2003794493697284
6 6 -0.7028782171157897
7 7 -0.8968140881953037
8 8 0.4265328376916966
12 12 -0.06659939954235616
13 13 -0.7019809292030488
14 14 -0.1859671415807571
18 18 -0.6830927634267479
19 19 -0.989171798253456
20 20 -0.3729940357748074
25 25 0.2814507239417494
30 30 0.5645493063740163
31 31 -0.08618600821727762
32 32 0.32194683532580304
36 36 -0.8019495120718878
37 37 0.1867831586339812
38 38 0.5254578353139769
42 42 -0.8478164252940763
43 43 -0.7674918292807291
44 44 -0.9601338657676106
48 48 -0.7635672088401524
49 49 -0.4040020964575224
50 50 0.6114828128774747
54 54 -0.556845035580305
55 55 -0.7920234132817214
56 56 -0.0651261276844528
60 60 0.5161806366821402
61 61 0.6414274000282272
66 66 0.26573687198446905
67 67 0.7633357147296267
68 68 0.5915688541888591
72 72 -0.43653519771057825
74 74 0.3729586248496142
78 78 0.8237949440685635
79 79 -0.6055352730773251
80 80 -0.8763536829647249
84 84 -0.9995650882767713
85 85 -0.01550552939671701
86 86 -0.8124995503722372
90 90 0.013575018031495079
91 91 0.2339285556998303
92 92 0.9834027167260246
96 96 -0.31053136702768813
97 97 -0.6685270397019669
98 98 0.571159335179898
102 102 -0.45641081193890054
103 103 0.6767645164810521
104 104 0.2404121947377007
108 108 0.6430778608203513
109 109 -0.5807233328175483
110 110 -0.794212758631293
114 114 -0.13633679495284934
115 115 -0.8242092524785423
116 116 0.4013328622582888
120 120 -0.49673933252335223
121 121 0.9414551459800389
122 122 -0.6439541017072496
126 126 0.3341889208013782
127 127 0.007079545858663883
128 128 0.3215672941634373
132 132 -0.6982215457144174
133 133 0.09945086229414479
134 134 -0.5626282540794982
138 138 -0.14851895238915014
139 139 -0.020462905423276112
140 140 0.16257929891518952
144 144 0.6268691154888728
145 145 -0.8024343120399275
146 146 -0.11997688336302148
150 150 0.5894405654844637
151 151 -0.3336387586245668
152 152 -0.371976936768305
156 156 -0.7585158642387917
157 157 0.3564489955927701
158 158 -0.604069553383862
162 162 -0.11739546161465242
163 163 -0.6055143158048759
164 164 -0.7138289788546819
168 168 0.3171200252323192
169 169 0.5203163193882092
170 170 0.010052538141284373
174 174 -0.5760284764681387
175 175 -0.47354116422128656
176 176 -0.6200478976049697
180 180 0.20093680660300595
181 181 -0.05192647236031789
182 182 -0.44194746971949206
186 186 -0.9914395034325287
187 187 0.9196853091198243
188 188 0.32065920222908684
192 192 0.12297451663439052
193 193 0.780885122118977
194 194 0.07751261315130176
198 198 0.2301101993979915
199 199 -0.5104356322144155
200 200 -0.3306167444330643
204 204 0.8792705755350378
205 205 -0.3717736323768921
206 206 -0.5595701248763831
210 210 -0.3090068507712054
211 211 -0.7889315741675973
212 212 0.34187094280139707
216 216 0.35003897284446706
217 217 0.9355551064799028
218 218 -0.12770536531127052
222 222 0.2862969450644828
223 223 0.5916035036956788
224 224 0.35104115103112266
228 228 0.8052239159748149
229 229 -0.5229617080003897
230 230 -0.7618943100180839
234 234 -0.7965203100021194
235 235 -0.6994880017190086
236 236 -0.6646874059923054
240 240 -0.240631719783035
241 241 -0.5894291885709124
242 242 0.041790194533312786
246 246 0.8566744799988768
247 247 -0.6315316181800175
248 248 0.8534710506114256
252 252 -0.309572629658424
253 253 0.887440095856352
254 254 0.4274377544612129
258 258 0.39111794049301096
259 259 -0.29458051222241854
260 260 -0.11573725555625947
264 264 0.659924867222281
265 265 0.05794868281335819
266 266 0.3716911557985587
270 270 0.29528635236540834
271 271 0.7565084508198232
272 272 -0.5251794840696615
276 276 0.8522130493464848
277 277 -0.018401844922226074
278 278 -0.3788187145604991
283 283 -0.4174170062155662
284 284 0.39089202914730325
288 288 -0.13015910295777777
289 289 0.6797385637667377
290 290 -0.8987518042622586
294 294 0.43059828505292574
295 295 0.010979284453725535
296 296 -0.015821616110852865
300 300 0.17935492238174522
301 301 0.8748898106967153
302 302 0.2381684590523918
306 306 -0.43245677048570985
307 307 0.26261384463282056
308 308 0.6444628302032887
312 312 -0.9627551574849835
313 313 -0.43423803301515207
314 314 -0.5384244832663267
318 318 -0.6882724926428414
319 319 0.02545336490155048
320 320 0.8596660120487942
324 324 -0.04042018168180661
325 325 0.4553136622449543
326 326 0.5649662327889284
330 330 0.5007979189457836
331 331 -0.047334313043068565
332 332 -0.685831294787911
624 624 0.3918631790963065
625 625 0.19665326445178777
626 626 0.2595333231182235
630 630 -0.8871307956167573
631 631 -0.9788448176424291
632 632 0.8754375317210554
636 636 -0.3266679127828449
637 637 -0.6605488485296063
638 638 -0.07135732589901789
642 642 0.2738959947427455
643 643 0.14324623794839075
644 644 0.9584510146248593
648 648 0.9840009304251958
649 649 0.792397605392589
650 650 0.1389280606533636
654 654 0.008272026261098908
655 655 0.34095567747552047
656 656 -0.7843660044599021
660 660 0.6360388906993837
661 661 0.27182834802912725
662 662 0.5022993936231674
666 666 0.4851108194391007
667 667 0.7430858760579553
668 668 0.792467082876124
672 672 -0.6111518803972151
673 673 -0.6387838552386391
674 674 -0.5175281595565255
678 678 -0.047976947316186846
679 679 -0.022630289541402338
680 680 -0.20206956251857933
684 684 0.7774369981604352
685 685 -0.6554752018187153
686 686 -0.5491931584132654
690 690 0.8854519430728183
691 691 -0.16267355454870214
692 692 0.06466272119317185
696 696 0.4273277876261523
697 697 -0.2446103818562746
698 698 -0.8178910225213591
702 702 -0.6602776193206381
703 703 -0.8128349015912539
704 704 0.00720249458168154
708 708 -0.741189965048767
709 709 0.3330362715808577
710 710 0.9602538259615991
714 714 0.35430260057687835
715 715 -0.8113968706329129
716 716 -0.16765675489948806
720 720 0.6480945727948653
721 721 0.8266723229271744
722 722 0.5436849801386892
726 726 -0.44604631783627857
727 727 -0.860547728225683
728 728 0.19243169054203824
732 732 -0.06278701174190271
733 733 -0.7990345056582175
734 734 -0.44353841257494064
738 738 0.5017150643281374
739 739 0.49206573676448606
740 740 0.43566419142582524
744 744 -0.8776899352297618
745 745 0.2751476528688719
746 746 -0.5936747884415514
750 750 -0.08162191765940796
751 751 0.6781323227861853
752 752 0.0788755407613766
756 756 0.690887565161719
757 757 0.11793610087665263
758 758 -0.022247373648662805
762 762 0.4216298371917435
763 763 -0.19867586640699253
764 764 0.15918512134590035
768 768 0.8620219630547565
769 769 -0.8251352229671236
770 770 0.05022685545756267
774 774 -0.22757539355832268
775 775 0.062175406694315205
776 776 -0.7799582204627018
780 780 0.0031660107102449153
781 781 -0.4130209933236846
782 782 -0.4777098714538548
786 786 0.3530303219940547
787 787 -0.5003962254129126
788 788 0.733744875540213
792 792 -0.6569702553357994
793 793 0.9975548516140602
794 794 -0.5740918901061016
798 798 -0.8619118497717864
799 799 -0.7784445907915551
800 800 -0.06259050482002904
804 804 -0.25577620008466817
805 805 0.3751829842402341
806 806 0.9446959079310289
810 810 0.5356234303777836
811 811 0.12195775486975391
812 812 0.27238809094209726
816 816 -0.9334136376989872
817 817 0.21250348881820114
818 818 0.3766905962973419
822 822 -0.6960599222880437
823 823 -0.42727253120616204
824 824 0.08082796976905393
828 828 -0.7507916726827859
829 829 0.7541899389348634
830 830 0.9078079477723935
834 834 0.8763049229790583
835 835 -0.6602365227288403
836 836 0.9918382163272268
840 840 -0.014325053493146278
841 841 0.3587631605402064
842 842 -0.7840579832751853
846 846 -0.7785958228334022
847 847 -0.20186703634512182
848 848 -0.023627444851885837
852 852 -0.08992351320536351
853 853 -0.31975550388430873
854 854 0.3550926479530645
858 858 -0.40551549174173207
859 859 -0.08266535266704556
860 860 0.5613605782625732
864 864 0.0920874568914698
865 865 0.5576857784172948
866 866 0.6288054560997491
870 870 -0.5429480547166101
871 871 0.714673791385489
872 872 0.04743795423677044
876 876 -0.6350467243475744
877 877 0.6468265008430467
878 878 -0.8435869846898811
882 882 0.06010117704068474
883 883 -0.09122307365257232
884 884 -0.5189598635673824
889 889 0.3232261859350345
894 894 -0.4832496597905762
895 895 -0.9237343158076328
896 896 0.39233157247669626
900 900 0.3429632606110502
901 901 -0.5709430883859055
902 902 -0.5471968581180178
906 906 0.4223623878215632
907 907 0.04599830448153863
908 908 -0.9696221892124708
912 912 -0.7613429191902261
918 918 -0.7616744576890464
919 919 0.653464002240397
920 920 0.12856899640307562
924 924 -0.8646460308117787
925 925 0.5990669809583506
926 926 -0.8576813789169988
930 930 0.20491927251453612
931 931 0.7673118117425781
932 932 0.5039209158397169
936 936 -0.9563291562278453
937 937 0.10881888635071313
938 938 0.8242221350751169
942 942 0.973017804646078
943 943 -0.20107267015169938
944 944 0.09289382216812814
948 948 0.0121464218904912
949 949 -0.6633376360308505
950 950 -0.926578273525734
954 954 -0.9498991745985368
955 955 -0.7601935883695454
956 956 -0.10815665607221092
0 1 0.22735129441244606
0 6 0.9668748428137663
0 624 -0.838633165498758
0 636 -0.871534389630414
0 648 0.2558873186254438
0 660 0.06842172033357818
0 672 -0.06536787051961279
0 684 0.6312739027698044
0 696 0.7547294431688858
0 708 0.48232991870511444
1 2 -0.3453161290847895
1 6 -0.6069193646194861
1 7 0.7597698772405728
1 720 0.5221332337042899
1 732 -0.460147633705581
1 744 -0.46595402483845305
1 756 0.5733235978145161
1 768 -0.927595709414506
1 780 0.8875649660873262
1 792 -0.4456189476570138
1 804 0.21080023273810022
2 7 -0.5259564929934195
2 8 -0.19748213210615884
2 816 -0.32991372553996934
2 828 0.7707256351701979
2 840 -0.589841829425636
2 852 0.6987850343092348
2 864 0.49732859420798414
2 876 -0.4966529005938196
2 900 0.4739294058823933
6 7 0.5355788955285912
6 672 -0.12287765442841092
6 684 0.585791036704914
6 696 0.7690332578577768
6 708 -0.8762111253636489
6 720 0.345625480797322
6 732 -0.8920363202963497
6 744 -0.7035128787101703
6 756 -0.48606112729085815
7 8 -0.7206100429909832
7 768 -0.370163759405038
7 780 -0.22383686092189192
7 792 -0.4107568827755701
7 804 -0.6852008603679409
7 816 0.8416353752672547
7 828 0.28527575198429633
7 840 -0.7404723827241888
7 852 0.6232522759991574
8 864 0.395227473671905
8 876 0.23477527450020652
8 900 -0.05078962803206877
8 912 0.6805001357293374
8 924 -0.9501164426312116
8 936 -0.7141695794008232
8 948 0.028331776279795884
12 13 0.9852444358397592
12 18 0.2098757416581618
12 624 0.25995869821631024
12 636 0.028108546784938238
12 648 -0.5377794326007739
12 660 0.13050006978126838
12 672 0.7047352502584594
12 684 -0.5196238928381285
12 696 0.0511543932819456
12 708 -0.7640213384439356
13 14 0.024262194743591037
13 18 -0.2838850148056109
13 19 -0.7290496065754399
13 720 -0.15567194753698965
13 732 -0.5229387375659378
13 744 -0.554404693133576
13 756 0.21549076639938325
13 768 0.30126515964741407
13 780 -0.819673705934095
13 792 0.4221016974123213
13 804 -0.5006550272135544
14 19 -0.4339577263121861
14 20 0.7188413215355505
14 816 0.7415776749038996
14 828 -0.05441273988055606
14 840 0.30541875028817
14 852 0.6201740881175293
14 864 0.41226953762857743
14 876 -0.7270084458163575
14 900 -0.7637260771360534
18 19 -0.419592009684316
18 672 -0.2795227844582593
18 684 0.7242361026567778
18 696 0.6148173463179518
18 708 -0.042541018645677164
18 720 0.8006536569966716
18 732 -0.6469212188408848
18 744 0.6004923636434785
18 756 0.8933496111177128
19 20 -0.5627177891714781
19 768 -0.01699924126085084
19 780 -0.6438434277097689
19 792 0.033274090361571584
19 804 0.036735671584142704
19 816 0.4674160897224897
19 828 0.9577504769574532
19 840 0.9243521772902514
19 852 0.9505277475192082
20 864 0.34363003742453446
20 876 -0.7471444075703177
20 900 -0.23103379033305504
20 912 -0.4610886234666376
20 924 -0.399397971981756
20 936 -0.7128468693256647
20 948 -0.8748617634792624
25 30 -0.5326446120715047
25 31 0.2807704603307235
25 720 0.11161156924344717
25 732 -0.42913005049353425
25 744 -0.44281302677073664
25 756 0.9593387695907212
25 768 -0.6718104399815288
25 780 -0.7434949273273552
25 792 0.9425311100497575
25 804 -0.06251423978301673
30 31 0.19338419397798967
30 672 0.9799645824659988
30 684 -0.6793398696933222
30 696 -0.004823432816406514
30 708 -0.48288395722650734
30 720 0.20823428499286023
30 732 -0.3240538905645278
30 744 -0.020559998555855552
30 756 -0.6355633912203245
31 32 -0.26733106495738057
31 768 -0.7241854823731648
31 780 0.2540909205093467
31 792 -0.9767716269505315
31 804 0.1725224784645496
31 816 -0.8703932456638459
31 828 -0.5446993971644813
31 840 -0.32294483348471315
31 852 0.23326761610072055
32 864 -0.6433360313363543
32 876 0.5139245306336375
32 900 0.8436850593651071
32 912 0.7096353523305654
32 924 0.6494768054199487
32 936 -0.36946105754563163
32 948 -0.632952071811621
36 37 0.5878817913325782
36 42 0.6937155123780474
36 624 -0.35822377508321646
36 636 -0.7417682841026465
36 648 -0.659823979044317
36 660 0.5136922760774616
36 672 0.9324943081632857
36 684 -0.5941489272077185
36 696 0.5109016245515019
36 708 -0.12259420962686174
37 38 -0.20272276079971108
37 42 -0.5799960470030854
37 43 -0.09369925973016513
37 720 -0.2698913550757116
37 732 -0.571926663048909
37 744 -0.6362868213401194
37 756 -0.7766588304226949
37 768 -0.46041524813555434
37 780 0.3073709113082326
37 792 -0.4819506143680954
37 804 0.5805383237059851
38 43 0.23513720564501428
38 44 0.0002676766871185787
38 816 -0.18083349934931103
38 828 -0.7210682614006865
38 840 0.40489672391467724
38 852 -0.34974610201376555
38 864 0.4442504176684996
38 876 -0.5177439280850764
38 900 0.5938011386099042
42 43 -0.39527043841459575
42 672 -0.0104390913376331
42 684 -0.06731918494432598
42 696 0.14638758860056056
42 708 0.5645188437101893
42 720 0.808865588464653
42 732 -0.9315061172914232
42 744 -0.19304875357074436
42 756 -0.5737251901555018
43 44 -0.35933901725065787
43 768 -0.7863951167096035
43 780 0.4750887386852458
43 792 0.672346763350234
43 804 -0.89399450999137
43 816 0.2881408390605944
43 828 0.560969589245041
43 840 -0.6550373502873239
43 852 -0.40281509626179335
44 864 0.7396095777743619
44 876 -0.06383424976735808
44 900 -0.7170808972182954
44 912 0.8494996449300387
44 924 0.44385366521577985
44 936 -0.710679160679915
44 948 0.04963059385143764
48 49 -0.07758480494640052
48 54 0.06449117248697456
48 624 0.5975658584142332
48 630 -0.34112442588746617
48 636 0.02764456231168788
48 642 -0.010076726587748164
48 648 -0.12770230885030776
48 654 -0.47214812778682913
48 660 -0.9876374229619211
48 666 -0.4323121619693089
48 672 -0.6886112685628722
48 678 0.38793026272941367
48 684 -0.3272755161627432
48 690 0.0692811918163514
48 696 0.1623842932731938
48 702 -0.8827423674000288
48 708 0.59545722906247
48 714 0.558231904536348
49 50 -0.2650875164403359
49 54 0.3075052290378264
49 55 -0.08165355784644746
49 720 -0.4918503230891371
49 726 -0.11882013327619045
49 732 -0.9674273531072679
49 738 -0.33590370569736483
49 744 0.8534053812078133
49 750 0.6741544997208622
49 756 0.2131323088586472
49 762 -0.5797593756175903
49 768 0.07258295864950393
49 774 0.3583640779813282
49 780 0.13471261807081514
49 786 0.8990123673297983
49 792 0.5765837393783788
49 798 -0.8846406747128801
49 804 0.3560276721602085
49 810 -0.9871321724481441
50 55 -0.030040290427096883
50 56 -0.05068843886185315
50 816 -0.8652875584695874
50 822 0.5808140408479405
50 828 -0.28774521201992154
50 834 -0.24518136873033636
50 840 -0.5831254071915892
50 846 0.4290386824969241
50 852 0.924505844365928
50 858 -0.9814953522926155
50 864 -0.47802389615783425
50 870 -0.47049224295533887
50 876 0.15562884620660977
50 882 0.13704356271392992
50 894 -0.33093028680347514
50 900 -0.35344387729240734
50 906 -0.8054780542411846
54 55 0.5976442613507675
54 672 -0.11911609333329753
54 678 -0.22663817784189932
54 684 0.7603668945965683
54 690 0.970507652049803
54 696 0.2790399154229306
54 702 -0.8486414416973271
54 708 0.17013096923224902
54 714 0.228380171639333
54 720 0.5742822466451272
54 726 -0.5275834428211545
54 732 -0.3189397583048259
54 738 -0.7364943929627636
54 744 0.4135899132271823
54 750 -0.22221281752768474
54 756 -0.7705197478931585
54 762 0.6829081434369675
55 56 -0.7917320003778496
55 768 0.4155337869707538
55 774 -0.40895998672144196
55 780 0.6056295603281543
55 786 0.14724900703245014
55 792 -0.5495304639794789
55 798 0.06632982999165127
55 804 -0.08948997663276459
55 810 -0.31954480663491736
55 816 -0.6562759155919222
55 822 -0.4340662720921802
55 828 -0.3994663803535554
55 834 0.8661404079826769
55 840 0.7633125860292373
55 846 -0.3204181469953462
55 852 0.1561868031731135
55 858 0.44754683813307894
56 864 -0.1768140094925288
56 870 -0.2091072799384326
56 876 -0.9857699702727825
56 882 -0.6377517737179932
56 894 0.13349864040816728
56 900 -0.9976927047594442
56 906 -0.5575872914050517
56 912 0.7022152018755639
56 918 0.8180372878728519
56 924 0.6422781486018296
56 930 0.9614997646183112
56 936 0.6422886303878141
56 942 0.7003440845721625
56 948 0.6522554226723065
56 954 0.5609605125174371
60 61 -0.35360640257771414
60 66 -0.3553084204033701
60 624 0.8771289136129587
60 630 -0.21897420154451197
60 636 0.9575130422893614
60 642 0.26303090090227066
60 648 0.9489439197231011
60 654 0.3416791601391609
60 660 -0.5104110611858226
60 666 -0.6355625915361807
60 672 0.01024228647028047
60 678 0.3690060697396338
60 684 -0.7777080339463982
60 690 -0.7760416690510084
60 696 -0.9915804053149766
60 702 0.28644598817771416
60 708 0.9927993064244345
60 714 -0.6549153782471586
61 66 -0.7069438605113632
61 67 0.08463149309600038
61 720 0.9351982993016072
61 726 0.16249414414990415
61 732 0.08136805560501204
61 738 0.6638153020962145
61 744 0.7867555388207834
61 750 0.9902881838517319
61 756 0.8960060839579069
61 762 0.8539127826516264
61 768 -0.7717343153289509
61 774 -0.04183660274359502
61 780 -0.3285225358124435
61 786 -0.9311639991275669
61 792 0.8234840324981365
61 798 0.8877384550397083
61 804 0.2816797577332959
61 810 0.22599283525343994
66 67 -0.03132932834295454
66 672 0.9489136434563956
66 678 0.3632246891881239
66 684 -0.3074309165253839
66 690 -0.3627677914005685
66 696 -0.4406996435576833
66 702 0.8168387038222711
66 708 -0.2821574282010324
66 714 -0.1923276070203046
66 720 -0.7977499017188738
66 726 -0.11412484970027625
66 732 -0.12220881123522287
66 738 0.938449682916672
66 744 -0.6075683951562669
66 750 -0.4233462583689811
66 756 0.377894426067384
66 762 -0.9773364242828266
67 68 -0.8488786719300943
67 768 0.15679189864820553
67 774 0.7084939345064276
67 780 0.4360401985534168
67 786 0.07797252779995145
67 792 0.6760360731947503
67 798 0.8423598463865756
67 804 -0.7600508483874069
67 810 -0.004003045050061216
67 816 -0.9768954499514901
67 822 0.12873661642239664
67 828 -0.6782115870349539
67 834 -0.47717649256278816
67 840 0.9682774242630197
67 846 0.7622151599725737
67 852 0.10475272371554523
67 858 0.5437649827423332
68 864 -0.41159514792081753
68 870 0.6353828475804202
68 876 0.45731410263366956
68 882 -0.6332337391250722
68 894 0.7794982340857437
68 900 0.6549216994029852
68 906 0.6002627429602168
68 912 0.9461119612157218
68 918 -0.22596481311326877
68 924 0.3276844251874085
68 930 -0.3757129123716132
68 936 -0.6839007380745872
68 942 -0.44531095045850866
68 948 -0.8399486148845101
68 954 0.0022899779754894656
72 78 -0.1390683383080813
72 624 -0.9950543747314735
72 630 -0.2416710242957787
72 636 -0.9598105704060766
72 642 -0.3367480235322271
72 648 0.8260996706025183
72 654 -0.19953890294746834
72 660 0.39088101572945777
72 666 0.9793925842622135
72 672 -0.7266997851704673
72 678 -0.44951579199072444
72 684 0.9342102580824161
72 690 0.016477794659577105
72 696 -0.24566625155739175
72 702 0.48403141634711244
72 708 0.5138406097114465
72 714 -0.1806904114414245
74 79 0.9259399053491826
74 80 0.9784190566161863
74 816 0.3075962964458736
74 822 0.42374496376077353
74 828 0.0711347209194988
74 834 -0.9430116984749479
74 840 -0.959309477953225
74 846 0.060209815179924187
74 852 0.7735235308036148
74 858 0.3609978043975133
74 864 -0.47484108725429475
74 870 -0.590034227402294
74 876 -0.21606995855298772
74 882 -0.8519132396388327
74 894 -0.4463755753465224
74 900 -0.4975745903770732
74 906 0.24960067822423326
78 79 -0.6655534085776569
78 672 0.5474557637668713
78 678 0.22133583902637888
78 684 0.6857218129750708
78 690 0.4842270437549374
78 696 0.8465716446341676
78 702 0.5227101187580794
78 708 -0.6649451363459298
78 714 0.4008300375780296
78 720 -0.4473351222475739
78 726 -0.6218055972704464
78 732 -0.720940453340474
78 738 0.6050400038181072
78 744 0.5294452446625619
78 750 0.4199035803406741
78 756 0.5910142556863893
78 762 0.8497109991467298
79 80 -0.6994341776965174
79 768 0.7377722674786724
79 774 -0.9023440439856714
79 780 -0.3677794963889349
79 786 0.9849903410163274
79 792 -0.947561420988061
79 798 0.32422607542337345
79 804 -0.9534528488314742
79 810 -0.6940033373360079
79 816 0.2550849015600949
79 822 0.7110296821457343
79 828 0.4972569918130956
79 834 -0.08842428631764498
79 840 -0.9107078376201048
79 846 -0.21875375821464527
79 852 0.20010538032556124
79 858 0.29733977356055674
80 864 -0.41281698145613843
80 870 -0.9012576316830927
80 876 0.3976504689643767
80 882 -0.6391348256942473
80 894 0.881357738700882
80 900 -0.17099387907880859
80 906 -0.45598038036876454
80 912 -0.5955430301238871
80 918 0.4653327552007889
80 924 -0.1077290650471614
80 930 -0.12164195631706276
80 936 -0.1665557031666942
80 942 0.7490006369712967
80 948 0.2509202982157217
80 954 -0.9950473865291516
84 85 -0.5999178233559823
84 90 -0.011968531390685655
84 624 -0.33245586779886693
84 630 -0.3607754596217012
84 636 0.07740236017628987
84 642 0.40966364751125073
84 648 0.6612878986679211
84 654 -0.025001332772031093
84 660 -0.6980096254336889
84 666 0.7914557380731579
84 672 0.45671086108962267
84 678 -0.9758243460162153
84 684 -0.48229511839943395
84 690 -0.2678517047864346
84 696 0.006756173141319044
84 702 0.9359939270250563
84 708 -0.3811454241236798
84 714 0.44541741361733367
85 86 0.3066055749928971
85 90 -0.20601182808176932
85 91 0.5185268598155028
85 720 0.0792793975516346
85 726 0.324100153923115
85 732 -0.4089964101149486
85 738 -0.7623618972625921
85 744 0.18612200918429833
85 750 -0.08262250364529766
85 756 0.11909436949562968
85 762 -0.49932492287367425
85 768 -0.010431667065267769
85 774 -0.0727818343475839
85 780 -0.18845114409525743
85 786 0.1254406079549022
85 792 0.4110806463494474
85 798 -0.620053029119956
85 804 -0.7186220924873339
85 810 0.06494621659059674
86 91 -0.32458958718745845
86 92 -0.7370428708021504
86 816 -0.8658253500001718
86 822 -0.37984597436191314
86 828 -0.12019458794450455
86 834 0.27250930390471617
86 840 -0.7557366364343214
86 846 0.7312782880437574
86 852 0.4375411468525028
86 858 -0.7639147015769729
86 864 -0.15322531322993616
86 870 0.5429027614888182
86 876 -0.9592203231139604
86 882 -0.6446388257570275
86 894 -0.3119480911505068
86 900 -0.4384123501962265
86 906 0.06370888347086012
90 91 0.4310272291625197
90 672 0.22008303149216957
90 678 -0.7076321143474209
90 684 0.5855863928789242
90 690 -0.012595746504837413
90 696 -0.8951713794885032
90 702 0.9137382332839672
90 708 -0.1148800197528268
90 714 0.6501900642333285
90 720 -0.3879159548101483
90 726 -0.8221486736523684
90 732 0.917126507675867
90 738 0.651543373914309
90 744 0.9254821899212957
90 750 -0.27295776791928406
90 756 -0.8903355578888781
90 762 0.5583979268875354
91 92 0.9751629885232598
91 768 0.9839486476129957
91 774 -0.3810343960713314
91 780 0.4846119148082637
91 786 0.3290001885220004
91 792 0.3304127181634846
91 798 -0.40008369334014726
91 804 -0.7919944834384134
91 810 -0.5468795985507147
91 816 -0.04450158289937445
91 822 0.9226310686120935
91 828 -0.25968066188789174
91 834 -0.5509896565954489
91 840 0.37662328414462487
91 846 -0.49244138558604234
91 852 -0.21465625140004563
91 858 0.5417586017827183
92 864 -0.25065376369281034
92 870 0.742270737218067
92 876 0.2732062494281007
92 882 0.02948756386378837
92 894 -0.16283874991828817
92 900 0.9364062676077791
92 906 -0.694072604153047
92 912 0.11951316366929987
92 918 0.47678078269461177
92 924 -0.9555596851918395
92 930 -0.7119455771687007
92 936 0.4187181220436984
92 942 0.3820226646313818
92 948 -0.5089368927788369
92 954 -0.8667044239776531
96 97 0.0690118876343977
96 102 0.857096153664886
96 625 -0.1476889836427726
96 630 0.45179893416269734
96 637 0.19300733690041372
96 642 0.34699682702602286
96 649 0.05247389010300907
96 654 0.4651022513160534
96 661 0.19747044397406044
96 666 0.6966888451354483
96 673 -0.6106050111033186
96 678 0.09540645114973412
96 685 0.3349969858507875
96 690 -0.8589735192977712
96 697 0.858928515295486
96 702 -0.5644991120222711
96 709 -0.8215776863120363
96 714 0.9477516371374559
97 98 -0.38254884016868584
97 102 0.31127572799995584
97 103 0.23156219203249817
97 721 0.7297470495691343
97 726 -0.8480314605061292
97 733 -0.6207679629881719
97 738 0.2853144871812112
97 745 0.1343233026044126
97 750 -0.8029705682715518
97 757 -0.18646065826973968
97 762 -0.600954110676037
97 769 0.7016717726094333
97 774 0.9084751935711304
97 781 -0.9322428019721161
97 786 0.7951646613846695
97 793 0.5540457490272555
97 798 -0.11943864700822315
97 805 0.258601416617273
97 810 -0.03886739832152797
98 103 0.6504621327427413
98 104 0.6191179498889297
98 817 0.4908812637825537
98 822 -0.7759933341881768
98 829 0.279118421457619
98 834 -0.26310947822880504
98 841 0.10159674561179566
98 846 0.061353088334349826
98 853 -0.9101708226733005
98 858 -0.8219990146375504
98 865 0.29874598895372095
98 870 0.6025570695812641
98 877 0.6644758659437953
98 882 0.551025413750224
98 889 0.9388454372720656
98 894 -0.3766733241637099
98 901 -0.47709843257161255
98 906 0.0633848550368088
102 103 -0.5390294748157094
102 673 -0.8552069229125403
102 678 -0.4446227197483441
102 685 -0.2692727153447898
102 690 0.6093424065577788
102 697 -0.44920421926804677
102 702 -0.5089984482357734
102 709 0.751407708251872
102 714 0.646557026469293
102 721 -0.7465774946701482
102 726 0.21629355760918711
102 733 0.18183557828819752
102 738 0.9798386508332477
102 745 -0.13248957166309006
102 750 -0.2684493138010817
102 757 0.9663830233741457
102 762 0.5983899697341077
103 104 -0.8614902910159106
103 769 -0.359642828657075
103 774 0.5638711311255356
103 781 -0.9952158558826898
103 786 0.5702602629047091
103 793 0.07702096481282439
103 798 -0.6000155455713565
103 805 -0.07093114729407213
103 810 0.11260287366402832
103 817 0.3181605633258895
103 822 0.8706089145911122
103 829 -0.850120518354023
103 834 -0.9034744661053147
103 841 -0.4927031367549122
103 846 -0.24982546187074517
103 853 -0.8976152571859994
103 858 -0.4032380734460581
104 865 -0.5474535655840722
104 870 -0.9131111401031862
104 877 -0.47699188594772424
104 882 -0.6445390162547937
104 889 0.9558678183669274
104 894 0.6183452607172157
104 901 -0.41075763758021244
104 906 -0.8524581507886935
104 918 0.032296299094484615
104 925 0.9118025028520977
104 930 0.22345991956406985
104 937 0.3603425357819132
104 942 0.9693211279159082
104 949 0.9947286240424495
104 954 0.27413306966709317
108 109 -0.2516301130643275
108 114 0.38469053283808474
108 625 0.4882301194923413
108 630 -0.2531224280566706
108 637 0.9216744280810154
108 642 -0.9903938936132732
108 649 -0.2700760440084047
108 654 0.9961577506538817
108 661 -0.4723872851574151
108 666 0.22405795773419857
108 673 -0.2949963022670905
108 678 0.2716438613601355
108 685 0.497154095969226
108 690 -0.594730766945371
108 697 -0.6722647470537089
108 702 0.009694121410225076
108 709 0.1184590540372279
108 714 -0.2474737710182544
109 110 -0.05366683550583584
109 114 -0.6735664900724005
109 115 0.5478731377508033
109 721 0.33464783302380674
109 726 -0.946458633063678
109 733 -0.8114911228667161
109 738 0.04418506341227002
109 745 -0.3174424013401953
109 750 -0.6089223816866443
109 757 0.7601589289833652
109 762 -0.9294264322754191
109 769 -0.10049255831336423
109 774 -0.6771296336902259
109 781 0.20635100098431902
109 786 0.6653568778766412
109 793 -0.4468990510518649
109 798 -0.516033614145635
109 805 0.1630511547916893
109 810 -0.07763585759984637
110 115 0.7383673712962027
110 116 -0.7533144272282408
110 817 -0.8321609456557735
110 822 -0.5550423530035651
110 829 0.9131892191796884
110 834 0.25007940763926984
110 841 0.5685577961621306
110 846 -0.9773736972022473
110 853 0.5739269961731166
110 858 -0.9533026007160286
110 865 -0.050576925771742554
110 870 -0.7640062394398277
110 877 -0.8995105229162723
110 882 0.6386084399292056
110 889 -0.5481634228434917
110 894 0.31423437167589574
110 901 -0.49769045317596805
110 906 0.983942322875553
114 115 0.813523752413791
114 673 -0.26739275036448173
114 678 -0.22384313536121714
114 685 -0.9154047254033411
114 690 0.3918208181173166
114 697 0.700191712354107
114 702 -0.13321805964714994
114 709 -0.22292391350000584
114 714 0.045227461090192156
114 721 -0.28699183862699074
114 726 -0.15620087438541463
114 733 0.4198285997781246
114 738 -0.020924892228713965
114 745 -0.5343387884698731
114 750 -0.06293639840453968
114 757 -0.6280924903096947
114 762 -0.5771248706680179
115 116 0.20242975427021115
115 769 0.6939300891762825
115 774 -0.34760069481725786
115 781 -0.981372081792703
115 786 0.8215930307432506
115 793 -0.9978631268567844
115 798 -0.1278059173689936
115 805 -0.13531589026862556
115 810 -0.23898649196740052
115 817 -0.26873319836082943
115 822 0.19872533136005144
115 829 -0.2159619199262488
115 834 -0.35986819926061764
115 841 -0.9523024407991434
115 846 0.7648932619900302
115 853 -0.11721705335332055
115 858 -0.08728785003010042
116 865 -0.3149592818432372
116 870 -0.8458021050013786
116 877 0.3171801409343329
116 882 -0.29109734033469414
116 889 -0.7624700901049342
116 894 -0.32613106270036396
116 901 0.975465258194764
116 906 0.5413595320523463
116 918 -0.45661498944793233
116 925 -0.5944824899400707
116 930 -0.06869649813135625
116 937 0.2572766858555757
116 942 -0.5848440733037337
116 949 -0.535164133653808
116 954 -0.5082637918320827
120 121 0.15156283596985776
120 126 0.6536361456312394
120 625 -0.26796829428306257
120 630 -0.8692433796325603
120 637 -0.6160283663390247
120 642 0.49251499992564285
120 649 -0.11366906928732456
120 654 0.3948523301039657
120 661 -0.09311088384643251
120 666 -0.039266314239652544
120 673 -0.26135436922677635
120 678 -0.3096016841238065
120 685 0.5204428117592397
120 690 0.2669527354875849
120 697 -0.9280135170446699
120 702 -0.16791938312123822
120 709 -0.7630381602445921
120 714 -0.9128643800336951
121 122 0.001744607929228481
121 126 -0.8059705246971163
121 127 0.1880756528090186
121 721 -0.17564577552341176
121 726 -0.2716681001060439
121 733 -0.6833022830363575
121 738 0.8822228250474957
121 745 -0.9526289163201287
121 750 0.8004508865294526
121 757 -0.5421379459024682
121 762 -0.7955410753667442
121 769 0.8567468804828986
121 774 0.416654634221183
121 781 -0.4286583859081532
121 786 0.05254765206811074
121 793 -0.3336995962632554
121 798 -0.3873899512668737
121 805 -0.8749839985131189
121 810 0.18998131929677609
122 127 0.3838612206123959
122 128 0.17997573907005648
122 817 -0.8603311993621663
122 822 0.31656116621953
122 829 0.8619219342654192
122 834 -0.8364964565070134
122 841 -0.9173729506870301
122 846 -0.0958665911848211
122 853 0.2922377113747743
122 858 -0.6830624638428713
122 865 0.6575418340134378
122 870 0.944918149944326
122 877 0.38809819277051205
122 882 0.6870663680875406
122 889 -0.5425419321179314
122 894 0.4514407391102646
122 901 -0.43142446260425693
122 906 0.8684114859020526
126 127 -0.0743200721716395
126 673 -0.3917855850100693
126 678 0.9076139997544466
126 685 -0.09055237321615506
126 690 -0.6087676571851672
126 697 -0.0885137007709873
126 702 0.26642796932745005
126 709 0.20067934079844507
126 714 0.1547642727877021
126 721 -0.5849132230915728
126 726 -0.6971082673984692
126 733 0.5432144089444773
126 738 -0.7567417654472981
126 745 0.14494075339856338
126 750 0.7878370554671608
126 757 0.5813087224736526
126 762 0.7342039111302867
127 128 0.3387533072946307
127 769 0.41984616707669153
127 774 0.7338303917514288
127 781 0.6350749019250408
127 786 0.9702730159633497
127 793 -0.10557391133064886
127 798 0.11838672910227577
127 805 0.7355678463791364
127 810 -0.5411177190401937
127 817 -0.711616098724537
127 822 0.1543026706091024
127 829 0.5586437600893017
127 834 0.12819006661598853
127 841 0.46032860348050675
127 846 0.7027520197718147
127 853 0.4323693069592345
127 858 0.3499560271246549
128 865 -0.25517286037420717
128 870 0.694075496678622
128 877 0.1925800011686858
128 882 0.7800371651130471
128 889 -0.8757446907573332
128 894 0.7544696701869458
128 901 0.26507953044780086
128 906 0.5360478819310903
128 918 0.028334402965020544
128 925 0.8933626434629727
128 930 0.07195961975188458
128 937 -0.8617427292360234
128 942 -0.7834594871165024
128 949 -0.11598381408242475
128 954 0.36905340993085645
132 133 0.6361839628183816
132 138 -0.7643314970485218
132 625 0.7523098669532697
132 630 -0.924886777108614
132 637 0.3569349898089691
132 642 -0.2997033168556833
132 649 -0.5676854315051625
132 654 -0.37083158750423006
132 661 -0.9736278749291523
132 666 -0.9174324480979938
132 673 -0.17637506859923224
132 678 0.10710971837277072
132 685 -0.923181708772626
132 690 -0.4868183627874978
132 697 -0.2786357066713838
132 702 -0.2537255807132104
132 709 -0.8354553415753312
132 714 -0.6106747847401486
133 134 0.32949720425243445
133 138 -0.43332537889962586
133 139 -0.9429757584377645
133 721 0.378831127663686
133 726 0.7579951671298746
133 733 -0.6698023353238363
133 738 0.13329166434936512
133 745 -0.001207662616473426
133 750 -0.09549451742569892
133 757 0.9693135744197241
133 762 -0.24763965469975657
133 769 -0.21644307991213307
133 774 0.10214546227837062
133 781 -0.7243135398278702
133 786 0.060398617148503364
133 793 -0.03905671071182537
133 798 -0.47575016663013514
133 805 0.40084574081925184
133 810 -0.17378525049013582
134 139 -0.6490314396723786
134 140 -0.09319016866268948
134 817 0.5313594198875549
134 822 -0.564230693937785
134 829 0.281199337886626
134 834 -0.41816979497821904
134 841 -0.5841507190361599
134 846 -0.2666880472941473
134 853 -0.8864384600759958
134 858 0.6765224773940497
134 865 -0.37490048703577483
134 870 -0.2809390937357945
134 877 -0.575410184165456
134 882 0.6374549355303523
134 889 -0.5338381447559286
134 894 0.042194754337855356
134 901 -0.7215820879518515
134 906 -0.15679633640022894
138 139 -0.33751348040343276
138 673 0.20598844768883695
138 678 -0.1560653774898415
138 685 -0.8049871111404134
138 690 0.6526544971254171
138 697 -0.9168571757101172
138 702 0.28443033480428204
138 709 -0.05731280361796487
138 714 -0.5643683948805507
138 721 -0.8836882029256579
138 726 -0.9657128926558436
138 733 0.4784954434193063
138 738 -0.543525250492211
138 745 0.9697115485880017
138 750 -0.5285407076233626
138 757 -0.7010150222247344
138 762 -0.5283628233799342
139 140 -0.6275099962532136
139 769 0.39314312483215375
139 774 0.7144733035496773
139 781 -0.054319164701047695
139 786 -0.2998772479888909
139 793 -0.8459369432298605
139 798 -0.07265858739369335
139 805 0.5769018399927621
139 810 0.31504598444621057
139 817 0.3167758076567173
139 822 -0.9332444511763067
139 829 0.5142033273757696
139 834 0.783594307261489
139 841 0.521193861894474
139 846 -0.22202878318439812
139 853 0.5648257719329184
139 858 0.05490947594277995
140 865 -0.28495926372673774
140 870 0.9221971203818962
140 877 0.8745831782665567
140 882 0.9878883048512215
140 889 -0.3090602919615244
140 894 -0.7271850166918052
140 901 -0.6126898110818015
140 906 0.9178225111055598
140 918 -0.044644201416363716
140 925 -0.9099736907150424
140 930 0.9659763866829416
140 937 0.9073911850552365
140 942 0.00330265385864692
140 949 0.7703516002406725
140 954 -0.11212845616548184
144 145 -0.9393421669596633
144 150 0.7126001044877832
144 625 -0.11208676145236529
144 631 0.9919507287516203
144 637 -0.21445970740823217
144 643 -0.34188067841781145
144 649 0.617001275618364
144 655 -0.47121904984051866
144 661 0.04510579856544683
144 667 -0.039786232473473016
144 673 -0.36144801694226536
144 679 -0.0722130150391731
144 685 -0.9093884173724993
144 691 -0.09088477907228398
144 697 -0.595602533428383
144 703 0.5337178985202224
144 709 -0.5934775556694916
144 715 0.4494236308300712
145 146 -0.7056966443062951
145 150 -0.018655182539601745
145 151 -0.029581115303837224
145 721 0.9482682162336085
145 727 0.8935103738124477
145 733 0.923376712244939
145 739 -0.8391800095692812
145 745 -0.01138240971056792
145 751 0.38264255013531034
145 757 -0.8789270393463646
145 763 -0.7268276881258797
145 769 -0.15629231203806504
145 775 0.39130035710420685
145 781 0.9544777491891019
145 787 -0.0977636942784772
145 793 -0.6119322476706033
145 799 -0.1969296357098136
145 805 0.4292696061303998
145 811 -0.6917651140098322
146 151 -0.5983545460261859
146 152 -0.5122936743680473
146 817 -0.777183010846193
146 823 0.5041295555505501
146 829 -0.08016248597015818
146 835 -0.6724935128672012
146 841 -0.8133057915048403
146 847 -0.7285365172533345
146 853 0.584239637565775
146 859 -0.04840499663518605
146 865 -0.4638008523480144
146 871 0.5725854929415928
146 877 0.6777603958686953
146 883 0.052028886496649385
146 889 -0.7285999632638891
146 895 -0.9761708495868697
146 901 -0.09185778781273912
146 907 0.9899140974631633
150 151 -0.31568369422541687
150 673 0.27175381596257564
150 679 0.9745102666610714
150 685 0.23910975643270493
150 691 -0.5082738377967746
150 697 -0.6804626449032396
150 703 -0.1270835530288279
150 709 -0.10194290049166521
150 715 -0.7638417161686837
150 721 0.4674756304541259
150 727 -0.11436205300276181
150 733 0.06775993363198407
150 739 -0.8808952927270597
150 745 0.8229711902797465
150 751 -0.0908154643003447
150 757 -0.8004698431990735
150 763 0.32873636722160304
151 152 -0.3628728598805162
151 769 0.4335331517935028
151 775 0.22575064113869447
151 781 0.35543012129547447
151 787 0.8913107622277967
151 793 -0.8453192118391206
151 799 -0.698153180646961
151 805 -0.9452741939445315
151 811 -0.8120093106415365
151 817 -0.9899502473083395
151 823 -0.23140145636025555
151 829 0.38851767307121055
151 835 -0.2548197666565224
151 841 0.00528540041801695
151 847 0.29418246409450366
151 853 0.711758790839099
151 859 0.7992641998209689
152 865 0.036871174230631354
152 871 -0.706598242717964
152 877 0.872269871675107
152 883 0.36423117068053634
152 889 0.07321131900338185
152 895 0.25972916505372146
152 901 0.2695914167462501
152 907 -0.1970484709738871
152 919 -0.24399801138842547
152 925 0.647895574154213
152 931 0.9981405427906882
152 937 0.8156186600104425
152 943 -0.6340070982412997
152 949 0.31668023586970406
152 955 -0.3119066332480851
156 157 -0.9989012003104081
156 162 -0.6065974777787706
156 625 -0.23188489329406226
156 631 0.7772151298873482
156 637 0.7371841773813803
156 643 0.04645129022489347
156 649 0.012671488220393545
156 655 -0.19614403750245812
156 661 -0.31994141155531564
156 667 0.480230004829324
156 673 -0.4718277359754599
156 679 0.8595563365251959
156 685 -0.5560910334115061
156 691 0.6435309232740036
156 697 0.9861133650685385
156 703 0.7020611807080563
156 709 -0.8117483727470374
156 715 0.7593478019501887
157 158 -0.41771929566223065
157 162 -0.33443387043656925
157 163 0.49549267976647426
157 721 -0.06188969390917887
157 727 -0.9799099231053008
157 733 -0.15178088783805976
157 739 -0.5939358690861913
157 745 0.5677199368758363
157 751 -0.7624668392130656
157 757 -0.5285267823887261
157 763 0.11294517330006859
157 769 0.8442968946850387
157 775 0.7385367300696217
157 781 -0.5862479410435593
157 787 -0.5053127231092718
157 793 -0.31373018205575076
157 799 -0.8099764129479712
157 805 0.5155092339371301
157 811 -0.4379050632573993
158 163 -0.6562224066646816
158 164 -0.21734162897295461
158 817 0.4897631646824383
158 823 0.9799461045602038
158 829 0.9389475862634435
158 835 0.7561715488426335
158 841 -0.5461701280786297
158 847 0.6069529221126024
158 853 0.42441345327863633
158 859 0.9200962564215693
158 865 0.17043897719097623
158 871 -0.24955828441983008
158 877 -0.10634747277456902
158 883 -0.8647165475319869
158 889 -0.4068128674156186
158 895 0.9444464602316609
158 901 0.31138662379168824
158 907 0.4312974157308964
162 163 0.6667401462074711
162 673 0.7499371299941637
162 679 -0.7247455436072232
162 685 0.5005814415430676
162 691 -0.8270019971507416
162 697 -0.5943071842378662
162 703 0.3075467246490198
162 709 -0.32050323165628747
162 715 -0.7203188056833068
162 721 -0.9089276146827059
162 727 0.753411050390179
162 733 -0.895960462125811
162 739 0.01872620076396503
162 745 0.49329205746145566
162 751 -0.34205096122815704
162 757 0.1927766954843413
162 763 0.14027830057867696
163 164 0.4396838062223425
163 769 0.994413629144888
163 775 -0.5185108677873242
163 781 -0.35067402558422844
163 787 -0.9537603412913673
163 793 0.3356103194403981
163 799 0.3445012261988294
163 805 -0.23984280117247225
163 811 -0.8565839430532611
163 817 0.8830091392718991
163 823 0.5615314900124044
163 829 -0.6769943193069048
163 835 -0.7386134340341743
163 841 0.31099406967653187
163 847 0.11617985221280192
163 853 -0.2901636078378629
163 859 0.019617364228961653
164 865 -0.02550267205672818
164 871 -0.5200999584020041
164 877 -0.027202941858208707
164 883 0.6902238275250041
164 889 -0.15805397488839112
164 895 0.1809786445280448
164 901 -0.4605470177029196
164 907 0.4714811209253309
164 919 0.3847008945826962
164 925 0.5203647541080423
164 931 0.06388879904082234
164 937 0.9526909564106487
164 943 0.5511966888895872
164 949 0.11947645117244421
164 955 0.748543017075773
168 169 -0.5219408916428947
168 174 0.8651449841640371
168 625 -0.1527800140165121
168 631 0.7350501502710762
168 637 0.3521119095847973
168 643 -0.8697547532715713
168 649 0.44832021956926194
168 655 0.29423313544712104
168 661 0.9355788913207039
168 667 -0.055382501534387174
168 673 -0.8606888810759843
168 679 0.16923428149677666
168 685 0.07945887144265429
168 691 -0.6408846602502405
168 697 -0.22729647933285935
168 703 0.6593733302794449
168 709 -0.6581833500000283
168 715 -0.25087186161807207
169 170 -0.33133949923723094
169 174 0.4145098227252031
169 175 -0.15565234676560924
169 721 0.08769789856932553
169 727 -0.25835751019803177
169 733 -0.5163236180552637
169 739 -0.7101598266838638
169 745 0.7253339139593438
169 751 -0.9068189435155882
169 757 -0.08608856016293953
169 763 -0.2307173920208423
169 769 0.717539237373672
169 775 0.4056415387652412
169 781 0.3052572839881853
169 787 -0.7309252684914533
169 793 -0.5476072727097916
169 799 -0.4497648259338958
169 805 0.16278263350015898
169 811 -0.4098550887009629
170 175 0.12169959791515783
170 176 -0.6363091491602582
170 817 0.716761433049852
170 823 -0.710498554093812
170 829 0.1599738440980112
170 835 -0.6125628307769775
170 841 -0.4766927052652503
170 847 0.39834777049319015
170 853 0.23957405943328602
170 859 -0.12686539131424102
170 865 0.2869040911251135
170 871 -0.47128635904639027
170 877 -0.8390251413910153
170 883 0.49385435377539855
170 889 -0.9215499877160676
170 895 -0.9065496353088078
170 901 0.9960415302387895
170 907 -0.9586182022026613
174 175 0.1395531086101467
174 673 -0.17188432716680246
174 679 0.20932262248843703
174 685 0.22488608713254776
174 691 0.7572479276291417
174 697 0.5326036478202401
174 703 -0.7202316925827461
174 709 0.5246344601187829
174 715 0.7125227560438498
174 721 -0.27789863959500694
174 727 0.30734029252499706
174 733 -0.7763608341803692
174 739 -0.07117567722855567
174 745 0.941019315881636
174 751 0.4805578895617959
174 757 -0.26220907809084526
174 763 -0.4800118539388889
175 176 -0.6224728714729915
175 769 -0.513036276969308
175 775 0.9185463648803807
175 781 -0.349305443193624
175 787 -0.02187730624229256
175 793 0.24157019298363758
175 799 0.35746698938196286
175 805 0.2626828126376648
175 811 -0.6037071789181543
175 817 0.67708430598527
175 823 0.17723913605719677
175 829 0.20506391209800223
175 835 -0.875876876174551
175 841 -0.5141426638722457
175 847 0.29338194228440195
175 853 -0.3878441112939841
175 859 -0.668464887453686
176 865 -0.5622887264138527
176 871 -0.7715377748946619
176 877 -0.7762214894724135
176 883 -0.7823144097010437
176 889 0.7286997543686675
176 895 -0.08252438949247831
176 901 0.7968220244607902
176 907 -0.38503726640058455
176 919 0.3331428516277253
176 925 -0.2912507387490493
176 931 -0.7218426008131591
176 937 0.41306598519860627
176 943 -0.6325232184173295
176 949 -0.41839718098553447
176 955 0.46021324873349867
180 181 -0.25447207301699404
180 186 -0.681453496023791
180 625 0.9704821197139637
180 631 0.49615061808661975
180 637 -0.9097708044644646
180 643 0.10142840949270782
180 649 0.364192855030254
180 655 -0.106410062023643
180 661 0.037445140212789996
180 667 -0.3664001775364101
180 673 0.48344949155721806
180 679 -0.2753691244712311
180 685 0.5194445984106724
180 691 -0.13943101211200393
180 697 -0.3515836538721917
180 703 0.5833542339439544
180 709 -0.3350704816121086
180 715 0.11017335673367978
181 182 0.14998332042886098
181 186 -0.5799888067557843
181 187 -0.8601998335216361
181 721 0.019231312871437423
181 727 -0.657183162251868
181 733 -0.04540999231039722
181 739 0.8095474758803867
181 745 0.4449723476426384
181 751 -0.34780479704975154
181 757 -0.06092800209959415
181 763 0.19651432215607745
181 769 0.48697533408382365
181 775 0.7041116064285302
181 781 0.48239766985987687
181 787 0.8945149321462209
181 793 0.09000672418105093
181 799 0.44199637993346363
181 805 0.5898994588811464
181 811 -0.08726898831347141
182 187 0.09032783206144868
182 188 -0.7416030531584847
182 817 -0.2885139632719549
182 823 0.06664451519019798
182 829 -0.7640003365027725
182 835 0.42323049076331754
182 841 -0.8469167803149726
182 847 0.0572359342214388
182 853 -0.5834688742305452
182 859 0.5008541005414122
182 865 0.945853172261683
182 871 -0.7708088680208407
182 877 0.13820567358399294
182 883 -0.6524582512851123
182 889 -0.4165933480384223
182 895 0.027844682783424668
182 901 0.22074710027442035
182 907 -0.424181109557763
186 187 -0.06784435196018235
186 673 -0.4142866165396446
186 679 -0.05499349936052034
186 685 -0.4156977976540228
186 691 0.15795659932026607
186 697 0.8162186698897018
186 703 0.06261893866601231
186 709 0.8009869709224786
186 715 0.42897941665307293
186 721 -0.8256853150680292
186 727 0.15211049499677198
186 733 -0.26002931057067147
186 739 -0.8302977035442645
186 745 0.8177561205891772
186 751 -0.20791335429323587
186 757 -0.32511197789962276
186 763 -0.2054000350694436
187 188 0.6162610860056088
187 769 0.1277911922499273
187 775 -0.841168486078067
187 781 0.10470853053124318
187 787 -0.7406533059197016
187 793 -0.3571415256527477
187 799 0.3694705588546858
187 805 -0.43359139680155767
187 811 -0.5322187818107842
187 817 -0.21427343196908222
187 823 -0.46232231271817126
187 829 -0.9610624676432995
187 835 -0.8427492202983717
187 841 -0.8401269720188294
187 847 0.9564306313054938
187 853 0.7273288354659129
187 859 -0.17869889754284407
188 865 0.8863245592005664
188 871 -0.6329841974253136
188 877 0.049347491509701635
188 883 -0.47495795705312904
188 889 -0.7286779886326535
188 895 0.4977769960124472
188 901 0.009218338510656343
188 907 -0.34624222774881663
188 919 0.1384635124914173
188 925 -0.4331539561316293
188 931 -0.9336042046768662
188 937 0.9720799236042126
188 943 -0.22296830530525003
188 949 0.7490813377507799
188 955 0.6264696882684728
192 193 0.7156031362875654
192 198 0.9203788837267108
192 626 -0.982986239028657
192 631 0.23077370591483737
192 638 -0.633692906732769
192 643 -0.2728342153987142
192 650 0.9300236593577913
192 655 -0.35174532521781976
192 662 0.8031788436061456
192 667 -0.3670952740199176
192 674 0.037384437385274305
192 679 0.38890275700280696
192 686 0.7657262275534806
192 691 0.6431347108779246
192 698 0.7146059084946399
192 703 0.5053473183350075
192 710 0.21842347904100912
192 715 0.747406334810623
193 194 -0.6941373174291823
193 198 0.007197468328435486
193 199 0.21094544668904236
193 722 -0.13219423199538305
193 727 0.7050918142364961
193 734 -0.8500510898048739
193 739 0.2963495679391832
193 746 -0.5362337001010185
193 751 -0.296393143542401
193 758 -0.6362226793283774
193 763 0.12293083942990757
193 770 -0.6032614664288731
193 775 -0.011743243910129042
193 782 0.5771815434810654
193 787 0.6556096556602449
193 794 -0.2274740843989811
193 799 0.9677044770788072
193 806 -0.8863700169430961
193 811 0.9442460055932036
194 199 -0.13266767480509256
194 200 -0.34255294084057675
194 818 0.36858865697964815
194 823 0.8480283536157238
194 830 0.6530976372822102
194 835 0.935120137135272
194 842 -0.784286045226853
194 847 -0.3325100210884031
194 854 -0.21758085963804774
194 859 0.9426856352010284
194 866 0.5354592298827845
194 871 -0.23970905317908153
194 878 -0.666119240667528
194 883 -0.9559356757961661
194 895 -0.16417820662013227
194 902 0.9375733856271338
194 907 -0.22073960073368815
198 199 0.6652039787268553
198 674 0.05152297773780701
198 679 -0.9323944601540335
198 686 -0.5500243994003573
198 691 0.7848272615742051
198 698 0.7763490422511512
198 703 0.5877553285200965
198 710 0.32232752593013037
198 715 0.708420034410995
198 722 0.7617475289274203
198 727 0.10920297431551673
198 734 0.686317028346048
198 739 0.5612822446362147
198 746 -0.5906177773400683
198 751 0.3543863784267136
198 758 -0.2636897941670828
198 763 -0.0358592171731158
199 200 -0.8380234875442245
199 770 -0.6453079180730588
199 775 -0.9134249868269717
199 782 0.17356616602283825
199 787 -0.8557942419849316
199 794 -0.35728279075103053
199 799 0.000778632580558325
199 806 0.8860579054054476
199 811 0.5259168203005105
199 818 -0.09126274732418893
199 823 -0.004202576959341897
199 830 -0.4152933066835285
199 835 0.21780736306172077
199 842 -0.5618256834397104
199 847 0.17078129995430613
199 854 0.6677680651618103
199 859 0.05226358143257692
200 866 0.911785457232031
200 871 0.4424909964764552
200 878 -0.15765650415029775
200 883 -0.46646880691804293
200 895 -0.0245847778987478
200 902 -0.29006017932344275
200 907 -0.9779594909502547
200 919 -0.8251108481186678
200 926 0.5542029109307096
200 931 -0.8563103568213541
200 938 -0.535826217278984
200 943 -0.2080778561307277
200 950 0.8850110176373456
200 955 0.7869823056053125
204 205 0.38267037290341777
204 210 -0.8876784144431891
204 626 -0.4359268252871853
204 631 0.6501885626168955
204 638 -0.6157983312771385
204 643 -0.7533347105229671
204 650 0.28375412255160404
204 655 -0.5658999103458238
204 662 0.2260216364921177
204 667 0.6250810837300074
204 674 -0.021384526687335592
204 679 0.45848893565502147
204 686 -0.24059008032416496
204 691 0.9861068017037449
204 698 0.8026916956219978
204 703 0.9498445670133133
204 710 -0.4218492013763664
204 715 0.47466025667677947
205 206 0.9114246037781495
205 210 -0.625517129312263
205 211 0.018095056245599483
205 722 0.23760150400475544
205 727 0.5160125607074331
205 734 0.5824789941704711
205 739 0.3465416502650278
205 746 0.5516116424702089
205 751 -0.9964142572861991
205 758 -0.1375192801525782
205 763 -0.02399808234598555
205 770 -0.13265552761009958
205 775 -0.3028355750476417
205 782 0.6445212998908092
205 787 0.7659036995876369
205 794 -0.3990611736346188
205 799 -0.8387895893526747
205 806 0.7750424223040222
205 811 0.11025925010434356
206 211 -0.4063052012345987
206 212 0.006677728895496671
206 818 -0.5558741211343012
206 823 -0.5256340498510266
206 830 -0.5065550786386248
206 835 0.9026078918468725
206 842 0.7808000830484179
206 847 -0.2780700405588361
206 854 -0.8145769608167246
206 859 -0.9791111717595444
206 866 0.38378207323415214
206 871 0.2592690919689571
206 878 -0.011464989241812606
206 883 0.14212974454633898
206 895 0.28494277344525876
206 902 0.28900001534795283
206 907 0.6598597168290476
210 211 0.4369905391321758
210 674 -0.5116596598806327
210 679 -0.08108129240854445
210 686 -0.5036546834110913
210 691 -0.6004905131060336
210 698 -0.3383652264650703
210 703 -0.7813434640903276
210 710 0.03970646510248188
210 715 0.22762562726242885
210 722 -0.6895149297618144
210 727 0.19324964302317027
210 734 -0.24737697483406684
210 739 0.1491894045297748
210 746 0.8810708519569068
210 751 0.20321273349254798
210 758 -0.03605319084552261
210 763 0.7592339557481484
211 212 0.3448351847887763
211 770 0.2960313569006918
211 775 0.021662240710232927
211 782 0.5432132230105973
211 787 -0.9317437428521362
211 794 -0.4210773169559925
211 799 0.6313161094978097
211 806 0.877246369446224
211 811 0.5460607655392582
211 818 -0.02733915811248333
211 823 -0.4692241865005271
211 830 -0.8926584659636021
211 835 0.6377248394425477
211 842 0.19873265546627028
211 847 -0.32466121636996803
211 854 -0.12588557131912803
211 859 0.4069398210515105
212 866 0.06963815136856422
212 871 -0.8857330580047593
212 878 0.8638954395381235
212 883 0.5164625493701185
212 895 0.3220978376693311
212 902 -0.04247253525807926
212 907 0.4702087404683921
212 919 -0.7514574159958942
212 926 0.8116931736064812
212 931 0.8974661727031621
212 938 0.9760546916347002
212 943 -0.671840901464531
212 950 -0.04027375812108791
212 955 0.5024306000621261
216 217 -0.010673860433184412
216 222 -0.6651320832078746
216 626 -0.5618125232455611
216 631 -0.6800242488885255
216 638 0.7819080113937573
216 643 0.405504099735676
216 650 0.8003625057728332
216 655 -0.9443106910537038
216 662 0.21972925203031557
216 667 0.5994040765869915
216 674 0.08119549053690123
216 679 -0.698544056932112
216 686 0.5053587023090365
216 691 -0.7688444799573895
216 698 0.6937550971566833
216 703 -0.9888374238090571
216 710 0.6507797262175177
216 715 -0.3551193841995821
217 218 -0.4046462641403188
217 222 -0.9892241677212774
217 223 0.46631178611784896
217 722 0.8130503069025303
217 727 -0.880219453265753
217 734 -0.03411889513606492
217 739 -0.857493918242475
217 746 -0.10681945303055951
217 751 -0.09258054182618292
217 758 -0.7516620257281306
217 763 0.2935307506549749
217 770 0.2603644265622018
217 775 -0.7384939782684867
217 782 0.10644820539031707
217 787 -0.4818125030621878
217 794 -0.9275535480159436
217 799 -0.24842339584358508
217 806 0.12693939533264453
217 811 0.6208180915786758
218 223 -0.2759057958935329
218 224 -0.661015206718621
218 818 0.44831984911439093
218 823 0.6811406158469333
218 830 0.1802502662335863
218 835 -0.4735221466853854
218 842 0.36432892579232123
218 847 0.08529354376644638
218 854 0.9977875461867842
218 859 -0.6254972089211643
218 866 -0.7636514520115594
218 871 0.4238317492518249
218 878 0.5276358146430122
218 883 0.04237083502275896
218 895 -0.7421709904791371
218 902 -0.6070196683718077
218 907 -0.7352417810224434
222 223 0.6041512581378843
222 674 0.5344385218229919
222 679 0.29745788285753405
222 686 0.6578317073196371
222 691 0.8683842093694385
222 698 0.8835042932284165
222 703 0.5893692697190673
222 710 -0.31188274642423486
222 715 0.09852121939980085
222 722 -0.3153266262006549
222 727 -0.915163540011507
222 734 -0.5444224402447635
222 739 -0.43475803148200787
222 746 -0.6613130315043221
222 751 0.4581835710272397
222 758 0.906164523583614
222 763 0.006159080440573561
223 224 0.9731829405963082
223 770 0.7236372980080128
223 775 -0.6445793510155011
223 782 -0.5185395022687116
223 787 0.008415135858533151
223 794 -0.5460016179139822
223 799 -0.7202204877673879
223 806 0.46175817579411005
223 811 -0.32215666507802454
223 818 -0.4491966266622329
223 823 -0.730301048028877
223 830 0.8843655733535016
223 835 0.11997572770228171
223 842 0.6354916782119946
223 847 0.2050032802964219
223 854 -0.08342178065293049
223 859 0.2784743746530485
224 866 -0.07072990176039373
224 871 0.9170953832177127
224 878 0.1014751047038307
224 883 -0.2956929173101761
224 895 -0.7884625605932671
224 902 0.6032183936785414
224 907 0.5761083647294327
224 919 0.7065886796051708
224 926 0.5492778479105167
224 931 -0.32577722062136827
224 938 -0.2541444477827117
224 943 -0.31841777865097587
224 950 -0.614066976344523
224 955 -0.655648268709556
228 229 0.039410484112452515
228 234 0.8502246103505195
228 626 -0.8418748545401564
228 631 0.2491908354243071
228 638 -0.3577055652729435
228 643 0.40334862055694565
228 650 -0.20113130383706035
228 655 -0.4277831105075398
228 662 -0.44582228885512243
228 667 0.9560920810109559
228 674 0.17047447681324912
228 679 0.6921312356278906
228 686 0.9619623539824649
228 691 -0.7658174287959298
228 698 0.20441872228369706
228 703 0.8206267685400479
228 710 -0.14019782288106097
228 715 -0.18085834715034177
229 230 -0.31990325161046695
229 234 -0.4191240355569601
229 235 -0.1009405810841073
229 722 0.12396055391849536
229 727 0.5815611653112644
229 734 0.06785142291634783
229 739 0.9728363114981315
229 746 -0.6628096253948279
229 751 -0.2291727241968835
229 758 -0.6534463098400969
229 763 -0.7554862286796529
229 770 -0.05384549809212591
229 775 -0.3633315886757227
229 782 -0.3025316248854504
229 787 0.5054314365088399
229 794 -0.3320852202010962
229 799 -0.5082686944969899
229 806 0.13278817120621866
229 811 -0.15981661577225847
230 235 -0.9018080745502546
230 236 -0.4928488918910714
230 818 -0.9809523206927142
230 823 -0.9603563413991125
230 830 -0.07283700326572617
230 835 0.37735867971860126
230 842 -0.5867608370905106
230 847 -0.4930064932163767
230 854 -0.1431741619234459
230 859 -0.24767064095093128
230 866 -0.4964216061281448
230 871 0.1320019409640456
230 878 -0.9574095728796632
230 883 -0.3718708963784363
230 895 0.6622747993829456
230 902 0.652157868452774
230 907 -0.6346132761170769
234 235 -0.22739177997002802
234 674 0.4665026859167063
234 679 -0.512537529071815
234 686 0.8467350257589872
234 691 0.2280951754974383
234 698 -0.7841506035459489
234 703 0.0747719307192023
234 710 -0.432348231029944
234 715 -0.8953400512505088
234 722 0.24471227390378814
234 727 0.09964738324159184
234 734 -0.7328112367957971
234 739 -0.5353078980231369
234 746 0.45330005980992816
234 751 0.22239331418569308
234 758 0.12174513658835084
234 763 0.6495188492814887
235 236 -0.36121864422762573
235 770 0.1937573123368166
235 775 -0.8118074742513681
235 782 -0.740566937008241
235 787 0.9746477787235135
235 794 -0.972843368266302
235 799 0.588316619569035
235 806 -0.7470444018299363
235 811 0.2274272032801108
235 818 0.6166933685456499
235 823 0.7144787796449561
235 830 0.19129984085632135
235 835 -0.11742246252442423
235 842 -0.854423332916268
235 847 -0.6146948546938447
235 854 -0.8099228924088524
235 859 0.13811130894282475
236 866 0.2826778623385364
236 871 0.013821094411921253
236 878 -0.9399062500946069
236 883 0.7566824991094152
236 895 0.7528788081811628
236 902 -0.5633906514671998
236 907 -0.3780391616016898
236 919 0.9817455058484352
236 926 -0.3013454137841327
236 931 -0.576135093709967
236 938 -0.03122138622815518
236 943 -0.48984624621815454
236 950 0.8119127397914139
236 955 -0.5155665561018721
240 241 -0.13065901711918926
240 246 -0.3401061192146455
240 626 0.11042449595515924
240 632 0.5841863462644643
240 638 0.12388945250159478
240 644 -0.49207357430681187
240 650 0.008308109542578324
240 656 -0.43205552654583945
240 662 0.23723086828165796
240 668 0.5185862892867068
240 674 0.20934217191861149
240 680 -0.49323858946697996
240 686 0.9377920759150724
240 692 0.3234934905126732
240 698 -0.5958708380862838
240 704 -0.17999479093602555
240 710 0.20746915929075294
240 716 0.09727315293600003
241 242 -0.31999720528668574
241 246 -0.6016221711397971
241 247 -0.9367564438323037
241 722 -0.915614042017378
241 728 -0.6002246674071701
241 734 -0.8171507402311264
241 740 0.2670013440634771
241 746 -0.6837727424403721
241 752 0.28969432075209123
241 758 -0.8474925643656328
241 764 -0.20965428470606917
241 770 -0.8788075060487284
241 776 -0.20031700888185777
241 782 0.7881348999345994
241 788 -0.19679995771307524
241 794 0.14612589616021188
241 800 -0.8076692125202123
241 806 -0.66487754221432
241 812 0.8925921646419261
242 247 -0.7793627270737706
242 248 -0.7586935650400948
242 818 0.27421762160019614
242 824 -0.3835225109445295
242 830 0.9487728814917993
242 836 0.6789700516897637
242 842 -0.7067615178770266
242 848 -0.3869389312949545
242 854 -0.12969320616969604
242 860 -0.13262167569540528
242 866 -0.6378264024103375
242 872 0.37970054033160205
242 878 0.39614141323622465
242 884 -0.8817459039717486
242 896 0.6170877545759872
242 902 -0.19177500634232425
242 908 0.8572323330355085
246 247 0.7568755637852669
246 674 0.6136064814903488
246 680 0.9312588521178986
246 686 0.8560837185758545
246 692 -0.5852582350871862
246 698 0.5079777547038018
246 704 0.6417300883196195
246 710 0.7413636137409021
246 716 0.6463921562326338
246 722 0.01344852426623544
246 728 -0.3882058910865671
246 734 0.44595440135934394
246 740 -0.2400732099340348
246 746 0.4572805650543801
246 752 0.6215299093471467
246 758 0.7505896732090103
246 764 0.845198096232769
247 248 0.5501067161005293
247 770 0.029044828581440196
247 776 0.9268075083993015
247 782 -0.022379257855990264
247 788 0.026980474718480085
247 794 0.048480130718175474
247 800 0.42603167642910167
247 806 -0.5838243789952948
247 812 0.041434578922055376
247 818 -0.7901116152722758
247 824 0.11192496460213897
247 830 0.6724183310883656
247 836 0.996444456235491
247 842 0.15173092606955296
247 848 -0.5911975859333571
247 854 0.06658871773618724
247 860 0.5281670395868261
248 866 0.7105140320231449
248 872 -0.6446646669059592
248 878 -0.2922682558733254
248 884 0.4525389279654666
248 896 -0.746866587682461
248 902 0.30140648442645435
248 908 0.28419746040202654
248 920 -0.9452137450791225
248 926 -0.34416838244679493
248 932 -0.8559291622245588
248 938 -0.9224887229253764
248 944 -0.2138409895757658
248 950 -0.5461934115729201
248 956 -0.711998266198894
252 253 0.9496458263130145
252 258 0.9150498243192733
252 626 0.8105403563416764
252 632 -0.9581805801963073
252 638 -0.5173995807721368
252 644 0.04217776263651096
252 650 -0.2655429869570989
252 656 0.11955693737365025
252 662 0.6569301185828942
252 668 -0.8137732486107043
252 674 0.7617104350381774
252 680 0.15976731942025957
252 686 -0.05116160603261766
252 692 0.7469755444542612
252 698 -0.7558729190984692
252 704 -0.8575300522997404
252 710 -0.29366104054352915
252 716 0.5297829310113242
253 254 0.9510097846980992
253 258 -0.17870242868986042
253 259 -0.31039750988198644
253 722 0.3190516775007355
253 728 0.34864054534502475
253 734 0.17013954145155186
253 740 0.2418956189402608
253 746 0.5515976637628448
253 752 -0.10256611738007781
253 758 -0.47861130649211536
253 764 0.34767231798194853
253 770 0.970446768302468
253 776 0.640846272146816
253 782 0.47702682405475016
253 788 -0.709929575356864
253 794 -0.04702261345060932
253 800 0.8291365348393429
253 806 -0.6333165969426213
253 812 0.23078810787126547
254 259 0.4914828709927612
254 260 0.7476369319898273
254 818 0.9078628695245434
254 824 0.18257423733393896
254 830 0.027107507750381288
254 836 0.9859163480520299
254 842 -0.8425930144385942
254 848 -0.7157782495197322
254 854 0.6259561783075178
254 860 0.32928252112353595
254 866 -0.28935189685228413
254 872 -0.5987728978431186
254 878 -0.07007515112546492
254 884 0.30024694640906446
254 896 0.47803738160739595
254 902 0.1779443180914555
254 908 0.8817231308032718
258 259 0.9548251938106409
258 674 0.16070656230010583
258 680 -0.8455195348938813
258 686 -0.8306041846548333
258 692 -0.948717978188288
258 698 0.33387060886134545
258 704 0.5450422187771298
258 710 0.9985634919526778
258 716 -0.11818074913211962
258 722 -0.5990118715579236
258 728 -0.4029487635216553
258 734 -0.5616297184826853
258 740 -0.6598456824440855
258 746 -0.8098538361647121
258 752 -0.905223925431341
258 758 0.2946737198955729
258 764 -0.10940798417845188
259 260 0.6424654289993874
259 770 0.8048348468576183
259 776 0.6720737488886279
259 782 -0.7669285935235377
259 788 0.3313900044014062
259 794 0.5221445969261418
259 800 0.3332506959537931
259 806 0.9623278897171745
259 812 0.7655911104822302
259 818 0.5838852224801612
259 824 0.32014037020571484
259 830 -0.8722717000361704
259 836 0.6828243307216162
259 842 -0.04552996577214952
259 848 0.03521264467074636
259 854 0.18166238806712953
259 860 0.7570822781596696
260 866 -0.2015999753005988
260 872 -0.4128535398078652
260 878 -0.8435364378650143
260 884 -0.5156282009571613
260 896 0.1780151762450597
260 902 -0.1989315642146503
260 908 0.540368476448025
260 920 0.7543339096382582
260 926 -0.4801413643826453
260 932 0.6840172482445406
260 938 0.21540303892091206
260 944 0.6089238341697902
260 950 0.6668310725771311
260 956 -0.8996077918375469
264 265 -0.8005130851532101
264 270 -0.333900736061572
264 626 0.918048002721171
264 632 -0.06704715909234005
264 638 -0.699497885270395
264 644 -0.29227437003739487
264 650 0.3588525533942646
264 656 -0.3331331946502405
264 662 -0.2839893763811896
264 668 -0.24958765964973506
264 674 -0.03550685005761833
264 680 -0.4651626802735698
264 686 -0.6892102196059233
264 692 -0.24645069606086012
264 698 -0.03530938628131253
264 704 -0.18728031910517862
264 710 0.5318665913353844
264 716 -0.25804130607750353
265 266 0.8803635359318513
265 270 -0.6679762260995881
265 271 0.8486208804692104
265 722 -0.2173465909503256
265 728 -0.10215584564305225
265 734 0.33371358852995714
265 740 0.6146473463390887
265 746 0.40122878183841837
265 752 -0.44768825386831157
265 758 0.6014052428197854
265 764 -0.8984544534209242
265 770 -0.24478436631899236
265 776 -0.10323779429033109
265 782 0.6969231129088074
265 788 0.6918277253469982
265 794 -0.7925838156870553
265 800 -0.18149080490169167
265 806 -0.8150752774694887
265 812 0.4290194194268886
266 271 0.7209567798061436
266 272 0.7317821374483378
266 818 -0.4902603246701229
266 824 0.11832167046363362
266 830 0.847981103898904
266 836 0.2528046566201454
266 842 -0.06431281974335534
266 848 0.43673937427668874
266 854 0.17958125652429535
266 860 -0.8521093886384765
266 866 0.4613057531461824
266 872 0.9364619440069222
266 878 0.6994012387381774
266 884 -0.3459650458980159
266 896 -0.5784582550759891
266 902 0.5833199422269151
266 908 -0.8869598150249325
270 271 -0.5933582766025192
270 674 0.16532718002390512
270 680 0.8435529496654846
270 686 -0.02894742128208705
270 692 -0.1744316411516087
270 698 -0.07636892466726941
270 704 -0.8604675581941947
270 710 0.337285688060323
270 716 -0.968318285481468
270 722 -0.6092252755466216
270 728 -0.16274522262517577
270 734 0.9421907403576428
270 740 0.8318223260270505
270 746 -0.9735605289209761
270 752 0.8297801708275367
270 758 0.5729955646601468
270 764 -0.6066606214652492
271 272 -0.8253607997785541
271 770 0.2961376069411079
271 776 0.39842968676461954
271 782 -0.2023625607560584
271 788 -0.023989816044321266
271 794 -0.6525204515034206
271 800 -0.26107174528341504
271 806 -0.4780813239636603
271 812 -0.3446838349796124
271 818 -0.2717181212476878
271 824 -0.9212973956111947
271 830 -0.016648037042371833
271 836 0.1967044823891
271 842 0.5125093962382166
271 848 -0.5005026329707025
271 854 -0.2455352722347579
271 860 -0.9496335165095753
272 866 -0.6731547012174999
272 872 0.08411257346706247
272 878 0.8923090147035264
272 884 -0.8427653689804881
272 896 0.32770032627086554
272 902 0.850639838339246
272 908 0.7804246162136144
272 920 -0.9732254607826967
272 926 0.39882371080800105
272 932 -0.7454642533716989
272 938 -0.8876492482424965
272 944 -0.6206167313243731
272 950 -0.761330317817748
272 956 0.7800744728480151
276 277 -0.47335316384215265
276 626 0.6008342070224484
276 632 -0.19992131974308025
276 638 -0.11953878839909926
276 644 0.6785467992055296
276 650 -0.4006853781608344
276 656 -0.5908593902728154
276 662 -0.2600003142683063
276 668 0.8668241251640849
276 674 0.48055319058588175
276 680 0.19856187488818322
276 686 -0.09019847980659579
276 692 -0.3034202623311839
276 698 -0.10144688997686568
276 704 -0.33348668369827905
276 710 -0.34799612659200085
276 716 0.7521895907535108
277 278 -0.28750431022031475
277 283 -0.8688566965304749
277 722 -0.42073319070100923
277 728 -0.5390702198570632
277 734 -0.5132582661131202
277 740 -0.7619924033203103
277 746 -0.45272797383502894
277 752 0.08792630722450934
277 758 -0.5215210728225339
277 764 -0.03811806015884156
277 770 0.8528083152296255
277 776 -0.21229255381942025
277 782 -0.36878685963436597
277 788 -0.7466640503011837
277 794 -0.44859770929097964
277 800 0.3186063392810994
277 806 -0.22303879424341377
277 812 0.07038674399020017
278 283 -0.07358332002291035
278 284 0.8018616190938799
278 818 0.7359456709764449
278 824 0.236852509373638
278 830 0.9346391091589743
278 836 -0.15498154237259687
278 842 -0.06626391985682178
278 848 0.3124021303663298
278 854 -0.5914697033567207
278 860 0.48226529574129207
278 866 0.8302073608425695
278 872 -0.4726639152283234
278 878 0.09160965481832473
278 884 0.8779077619132536
278 896 0.5824893329081249
278 902 -0.11093865006079229
278 908 -0.995615281925061
283 284 0.08013346205830518
283 770 0.7363630357520348
283 776 -0.09167985994571337
283 782 0.011144806117420414
283 788 -0.35430532719743146
283 794 0.4000996243984256
283 800 -0.28424597140784247
283 806 0.32112212450795163
283 812 -0.21286504805424689
283 818 0.4508298437485767
283 824 0.40467110982273624
283 830 -0.8029144544751303
283 836 -0.3990032414017777
283 842 -0.06644776759210447
283 848 0.006408199291712879
283 854 0.6502394295198528
283 860 0.3593687638867489
284 866 -0.11210254356959326
284 872 0.7144518789034777
284 878 0.4166992207351019
284 884 -0.5206985018418608
284 896 -0.2418765479513516
284 902 0.8469516306011649
284 908 -0.24494916389118937
284 920 -0.38402259946238115
284 926 0.3900640756075151
284 932 0.5518766837787865
284 938 -0.6322869297724398
284 944 0.30652130984073755
284 950 0.3320140977725945
284 956 -0.33338709795357624
288 289 -0.38837393048021074
288 294 0.26216343776945683
288 632 0.07031341257686963
288 644 -0.5396515871881578
288 656 0.967857706105645
288 668 0.5790820464186222
288 680 -0.07311150096017749
288 692 -0.7019217560649083
288 704 -0.9862100129565483
288 716 0.4700868217965908
289 290 -0.8714222261378801
289 294 0.7374340760772746
289 295 0.6709395780514031
289 728 0.9989920193369657
289 740 -0.2808325953831381
289 752 -0.1748617938626036
289 764 0.8056207649796423
289 776 -0.42343062114444274
289 788 0.08960229242716489
289 800 0.7723286110074943
289 812 -0.06680977523309406
290 295 0.5036326372306781
290 296 -0.09754091079854099
290 824 0.9016129949713627
290 836 0.9095701719826872
290 848 0.13082137519652504
290 860 0.5448066895861596
290 872 0.5602345945835685
290 884 0.9626094050274177
290 896 -0.6803064752850361
290 908 -0.43605903801727863
294 295 0.5967375161463824
294 680 -0.1918879699710756
294 692 0.4304315089953381
294 704 -0.7306739354041056
294 716 -0.49745893859651913
294 728 -0.27338764092697976
294 740 0.44107084726442536
294 752 0.7182724152793774
294 764 -0.4977319958987103
295 296 -0.40213795303950706
295 776 -0.8549424169598223
295 788 0.6450203861168371
295 800 0.37809434850910795
295 812 -0.1497925829328033
295 824 0.409536511078169
295 836 -0.7799000055852234
295 848 0.9949476857226369
295 860 -0.10197766699064648
296 872 -0.22299248966365592
296 884 0.7244680166421724
296 896 0.025244853771600795
296 908 0.7637573260962971
296 920 0.9063202272720923
296 932 -0.7590630750372944
296 944 0.7468511934517787
296 956 0.8992319798900201
300 301 -0.22868249472689173
300 306 -0.11712294326761752
300 632 0.5211217414653251
300 644 0.12584209352619458
300 656 0.8541917434707009
300 668 -0.3220808966219255
300 680 -0.6080537499835388
300 692 -0.24916856103666274
300 704 -0.12168452997826384
300 716 0.44834842729686186
301 302 -0.46820634578590536
301 306 -0.6189863642293787
301 307 0.8313332594808862
301 728 -0.6025358586186513
301 740 -0.6547567705929298
301 752 -0.5643084972192067
301 764 0.14912622396093633
301 776 -0.4952978843200997
301 788 0.8181716356119209
301 800 -0.6958906517033612
301 812 -0.5402238661930305
302 307 -0.9218527758872752
302 308 -0.4583890346797139
302 824 -0.705330024743257
302 836 -0.9803437391718084
302 848 0.9617051671696926
302 860 -0.9858788856460092
302 872 0.4690172752830708
302 884 -0.6349098690024124
302 896 0.799556644640399
302 908 -0.2065399160011785
306 307 0.30720423012446174
306 680 -0.49685571693926067
306 692 -0.962017290400039
306 704 0.8741961662044668
306 716 0.8605652303914166
306 728 0.7506480633515904
306 740 -0.3944408283135872
306 752 0.46705274277619013
306 764 0.5966523601129776
307 308 0.7694929597038147
307 776 0.8156112156361619
307 788 -0.7816177803197286
307 800 -0.4895144595046159
307 812 0.41235202842225527
307 824 0.45360616965795963
307 836 -0.28917501384217914
307 848 -0.036850046182110185
307 860 -0.6272342239628172
308 872 -0.49376541537023577
308 884 -0.9424615516802279
308 896 0.4532271655568596
308 908 0.7758489406526381
308 920 -0.7419756441279537
308 932 -0.11150344904702902
308 944 -0.776655511423562
308 956 0.6853022815212957
312 313 -0.9519391061397138
312 318 0.4117691357273636
312 632 -0.6188981704117751
312 644 -0.15239191059174373
312 656 -0.7353619888520337
312 668 0.8100826979925684
312 680 0.22527353209289602
312 692 0.18835138033036225
312 704 0.4268581834157279
312 716 -0.28064214242528385
313 314 -0.9754096714091209
313 318 -0.5193254455754917
313 319 -0.3111670888860927
313 728 -0.4739412672272969
313 740 -0.8112029370469724
313 752 -0.3479554967604699
313 764 0.29486761808112116
313 776 -0.0314597971154047
313 788 -0.07340655782261685
313 800 -0.1753462587399508
313 812 -0.8089322456894044
314 319 0.37117804786653785
314 320 -0.09557477166739203
314 824 -0.8157589777207861
314 836 0.0005546848804225402
314 848 -0.2906056829739183
314 860 0.19274605030705216
314 872 -0.8227251565678522
314 884 0.10009130231247587
314 896 0.0784768526022801
314 908 -0.9146720054998796
318 319 -0.35585785194037367
318 680 0.7646724013096597
318 692 0.3677143232746689
318 704 -0.8629666427675555
318 716 0.5582900992531152
318 728 -0.5938431431206355
318 740 -0.44218366603305914
318 752 -0.35286867682001644
318 764 0.8226850388824487
319 320 -0.8363282306075686
319 776 0.6581499873750432
319 788 0.4251501728326974
319 800 0.8566120125101375
319 812 -0.42971685991980735
319 824 0.9693248661330476
319 836 0.5722179241839118
319 848 -0.7722119410613475
319 860 -0.10015804529524641
320 872 0.10770198147688692
320 884 0.4008523803191555
320 896 0.750906414604859
320 908 -0.062305475998398085
320 920 -0.7901882963673004
320 932 0.1912119886557495
320 944 0.11384010296027602
320 956 0.38909215433024547
324 325 -0.8194078500361726
324 330 0.3033582049218351
324 632 -0.06648673509062153
324 644 0.46703051509358007
324 656 0.06891613485914316
324 668 -0.2192157020791099
324 680 -0.7261140651462141
324 692 0.9478952726495409
324 704 0.9120482742934213
324 716 -0.4319824901208329
325 326 -0.8730324231778837
325 330 0.7128223515323255
325 331 -0.4318030966186648
325 728 -0.28010093118710233
325 740 0.12766890794468422
325 752 0.1299327960897716
325 764 0.48578880523189927
325 776 -0.5318549956155154
325 788 -0.5551632971907485
325 800 0.054360436079254226
325 812 0.2719236587203162
326 331 -0.5330137145762686
326 332 -0.5487111553819197
326 824 0.2550196863207983
326 836 0.8647994591616024
326 848 -0.9049543146043877
326 860 0.03339362422903225
326 872 -0.4864347663542299
326 884 0.9591075300974907
326 896 -0.08961391037849853
326 908 -0.2129497032735519
330 331 -0.06323733031214052
330 680 0.6100741287635207
330 692 -0.789097329797626
330 704 -0.0521824195912719
330 716 -0.03087819476085718
330 728 -0.8322435999841702
330 740 0.9971685015727667
330 752 0.4323404819933703
330 764 0.24398411535832532
331 332 -0.7484588934193734
331 776 -0.9487877806229752
331 788 -0.48487500568786457
331 800 0.819087325035361
331 812 0.0021649012536695267
331 824 -0.9451738726417636
331 836 -0.08507426158019737
331 848 0.25255570331719124
331 860 -0.2993023782453217
332 872 0.5155504634013028
332 884 -0.7039781507011091
332 896 0.5441423561403644
332 908 -0.3872901212117241
332 920 0.9595122876832594
332 932 -0.004701249764556437
332 944 0.6193433975225011
332 956 0.26208043423305916
624 625 0.5068780047888255
624 630 0.5598094306075552
625 626 -0.5365566434894731
625 630 -0.6376337226800703
625 631 0.7083020803314393
626 631 -0.9168098848104231
626 632 -0.8653304239107755
630 631 0.01379941878653379
631 632 0.962236263128974
636 637 -0.44751406274486616
636 642 -0.6403677901976672
637 638 0.9327752626141246
637 642 0.3593496818002695
637 643 0.2868832064746485
638 643 -0.5059940620748593
638 644 -0.4464358171124867
642 643 0.007736714063959704
643 644 0.972295617653713
648 649 0.9013998413485504
648 654 0.37456132528485253
649 650 0.8965757810453077
649 654 -0.7248546740554143
649 655 0.8061221083628067
650 655 -0.9297518972633017
650 656 -0.1617284047955223
654 655 0.9170265531158632
655 656 -0.8137693923728446
660 661 0.2871797437012371
660 666 0.1691194240231635
661 662 0.7081721538019365
661 666 -0.08086333022692793
661 667 0.9067104173384346
662 667 -0.51964105790353
662 668 0.0930062582560971
666 667 -0.8188544359817915
667 668 -0.319474516465996
672 673 0.6965420141314878
672 678 -0.8935533413536134
673 674 0.7721138655855933
673 678 0.25568497829980763
673 679 0.7084054487472964
674 679 -0.5136754956610885
674 680 -0.16107757860432237
678 679 -0.08874025981478928
679 680 0.724424910226614
684 685 -0.638953339530999
684 690 0.29636534381768653
685 686 -0.9986882339875416
685 690 0.6297552397115238
685 691 -0.35454490557926244
686 691 -0.4671646700133809
686 692 -0.7219870280059335
690 691 0.21329032997552533
691 692 0.07252824606610431
696 697 -0.14405274198145435
696 702 -0.012172858918776175
697 698 0.5613806213209218
697 702 -0.7349574963421359
697 703 -0.373946635678047
698 703 -0.04807935827775789
698 704 -0.07629158646884027
702 703 -0.7274559779628029
703 704 0.2916412014212968
708 709 0.9142413908020968
708 714 0.6147387772820991
709 710 0.3538103796239944
709 714 -0.6904794375331731
709 715 0.6662815948343133
710 715 -0.8892775916173217
710 716 -0.9125068499869429
714 715 -0.20018262960893574
715 716 -0.8147052910887957
720 721 0.5121316053393377
720 726 -0.2979425828557962
721 722 0.20949566669306807
721 726 -0.8864046351302224
721 727 0.3567817495779819
722 727 -0.8113674426326778
722 728 0.9019863508890775
726 727 0.9338753581929218
727 728 0.3487096326767427
732 733 -0.36201157885508306
732 738 -0.3060592580951509
733 734 -0.6118852198051774
733 738 -0.7516445420341296
733 739 0.41383787615018286
734 739 -0.08691771693485784
734 740 0.13945095965376764
738 739 0.7202491189799094
739 740 -0.6370735198221122
744 745 0.1223070852209791
744 750 0.2992076563666415
745 746 0.8359769166922209
745 750 -0.3176389526498209
745 751 0.2986970717766195
746 751 0.20642591592911153
746 752 0.250503958528157
750 751 0.4229388487701311
751 752 -0.47781868160717167
756 757 -0.6672867954687598
756 762 -0.7170598049354824
757 758 -0.26853188264469474
757 762 0.7715602967244002
757 763 0.8682389776271655
758 763 -0.02771762047591042
758 764 0.9150255103509279
762 763 -0.2502618190604504
763 764 0.03924893447220468
768 769 -0.6705692556568947
768 774 0.323502652839462
769 770 0.30480423150003766
769 774 0.12518180661803435
769 775 0.47947811115443506
770 775 0.4047464112560928
770 776 0.06851082491312077
774 775 0.32221934521087947
775 776 0.4979173205650187
780 781 0.35556288446382567
780 786 -0.7143754561004838
781 782 -0.8259084090771962
781 786 -0.17737599523697622
781 787 0.3355523007214689
782 787 0.6641285637491574
782 788 0.5440953995551485
786 787 0.8091966548881782
787 788 -0.5493438620571249
792 793 0.9597000355205878
792 798 0.8172834602303121
793 794 0.134513571771824
793 798 0.13497308718048218
793 799 -0.5474728980101864
794 799 0.4798625078493688
794 800 -0.13526076252885932
798 799 -0.20566950912412185
799 800 0.8639637843780363
804 805 0.6902522027698024
804 810 -0.4635520253691936
805 806 -0.46483810110086576
805 810 -0.8006232376445912
805 811 0.4359105687655336
806 811 0.2489567808556683
806 812 -0.8648611391522123
810 811 0.3218939808885952
811 812 -0.619725380681075
816 817 -0.05636646901185283
816 822 0.40688247254645327
817 818 -0.17291773852672354
817 822 -0.9371751321010591
817 823 0.7681395678393874
818 823 -0.3756827959081641
818 824 0.6666263597115756
822 823 0.3042439049697663
823 824 0.8880454258340087
828 829 0.8234179264436141
828 834 -0.7489438480215194
829 830 0.2765246747479748
829 834 -0.6564934249813317
829 835 0.8943212220308681
830 835 -0.19069077962959025
830 836 0.6132857342116202
834 835 -0.6953398101494885
835 836 0.5968614592583015
840 846 -0.3259974727240831
841 842 0.1652517739366255
841 846 -0.12441069120198756
841 847 0.5214337900751724
842 847 -0.05901274576667026
842 848 -0.41882034068669793
846 847 -0.4684645874725111
847 848 -0.0008976553385193764
852 853 -0.16722215394611317
852 858 -0.29824995214093986
853 854 -0.8320521866026289
853 858 0.016855470963528907
853 859 0.8804823367047454
854 859 -0.22312052334183408
854 860 0.3790486611722912
858 859 0.5476543946860564
859 860 -0.5692995320080985
864 865 -0.9605085269814297
864 870 -0.203594297300971
865 866 0.39771135691494197
865 870 -0.3212214962617901
865 871 0.41701503510947324
866 871 -0.7773313837939009
866 872 -0.6956059954081262
870 871 -0.35635927105451803
871 872 0.3791011779599833
876 877 -0.48626596943817524
876 882 -0.6721208635375919
877 878 -0.7108832149541209
877 882 -0.07659897174436048
877 883 -0.1909789356328373
878 883 0.28132176077874504
878 884 0.22239023231668376
882 883 0.9017732347218628
883 884 -0.7425879357187639
889 894 -0.7403279650335757
889 895 -0.12226077814100056
894 895 -0.3322560622249635
895 896 -0.27146882490764157
900 901 0.8478661259304969
900 906 -0.6622478294454177
901 902 -0.031082142529398782
901 906 0.011047788361081778
901 907 -0.9502320682490315
902 907 0.6384094783833401
902 908 -0.07445264943123497
906 907 0.31746047115501974
907 908 0.3761654170513713
912 918 0.49030913463619563
918 919 -0.4528610648982492
919 920 0.4640156039519763
924 925 0.39815459430975375
924 930 0.6162669420278264
925 926 -0.9248903572872218
925 930 -0.18306921276888488
925 931 0.9562702072990212
926 931 -0.5973619762901152
926 932 0.0381434588976981
930 931 -0.5429185584351606
931 932 -0.17974320116845166
936 937 -0.3327509839666791
936 942 -0.9100290774702597
937 938 -0.2968809183190344
937 942 0.27861412276479647
937 943 -0.8039708233302265
938 943 -0.8570024808120038
938 944 0.1864441887468522
942 943 0.39341154596600814
943 944 -0.9568354182030441
948 949 -0.0933389525574102
948 954 -0.503064669132556
949 950 0.24171987481708435
949 954 0.10515648180410775
949 955 0.5498153668123889
950 955 0.9205439294857736
950 956 0.6656460925121586
954 955 0.4430375122538932
955 956 -0.5696565787151773
