0 0 0.9825855570438489
1 1 0.0718400583688601
2 2 -0.8975487945190221
3 3 -0.7215483981543118
4 4 0.33680566109161747
5 5 -0.5697386948091538
6 6 0.9912625227071188
7 7 0.8365809365497043
8 8 0.21168604548841086
9 9 -0.11736977764530687
10 10 -0.1933338505201534
11 11 -0.34352158931460486
12 12 0.09271103880308718
13 13 -0.9654242479646984
14 14 -0.6980955666337503
15 15 -0.7829465748867073
16 16 0.8383037506297166
17 17 -0.8615397179119213
18 18 -0.8861805707311585
19 19 -0.19926372372390677
0 1 0.24280582936623385
0 2 0.38789442441048316
0 3 0.12988796460037788
0 4 -0.7063359277369934
0 5 -0.5355316118250737
0 6 -0.15244815123509015
0 7 0.7687621932456385
0 8 0.8174571224292777
0 9 -0.3830895838614572
0 10 0.3149523298676016
0 11 0.4733944570322519
0 12 -0.35056074045805397
0 13 0.6285519772220074
0 14 0.48580450631403904
0 15 0.40100871184953624
0 16 -0.21545355984975978
0 17 0.521837174892944
0 18 -0.47892002173868264
0 19 0.23807184409701088
1 2 -0.4412054841000532
1 3 0.4472092800964167
1 4 -0.2639142174077631
1 5 -0.060720665092031334
1 6 0.6532610581016449
1 7 -0.6298707312210301
1 8 -0.8608594187605094
1 9 0.7137629526918317
1 10 -0.2534931582508959
1 11 -0.1471890827714084
1 12 0.9922274946965024
1 13 -0.9967071914468784
1 14 0.473379739621969
1 15 0.8402887559112691
1 16 0.23978531744840637
1 17 -0.6964276899951412
1 18 -0.9971467604265243
1 19 0.044219006187696364
2 3 -0.8193687297979826
2 4 -0.3395652307785133
2 5 0.6408180867206845
2 6 0.6595966509313302
2 7 0.5399783777718603
2 8 -0.7555677916862322
2 9 0.7066192691623767
2 10 0.5386921744771496
2 11 0.043653387021756807
2 12 -0.3492950316159562
2 13 0.18229758331059043
2 14 -0.8073913873990604
2 15 -0.6169191601663473
2 16 -0.745605967981279
2 17 -0.781626475004932
2 18 -0.02159056247142077
2 19 -0.5110469226401686
3 4 -0.3979766707962693
3 5 -0.35841458085460043
3 6 0.794412887421579
3 7 -0.3974269850227714
3 8 -0.8222124150861396
3 9 -0.6733089300618837
3 10 0.5367553085847032
3 11 -0.10722788023326224
3 12 0.6868428859824898
3 13 -0.9261502214077346
3 14 -0.5970072510445732
3 15 0.9253952578999245
3 16 -0.11364953937225608
3 17 -0.42406344419300623
3 18 -0.33018355130038324
3 19 0.39761228090645373
4 5 0.6173339315630542
4 6 0.31044143965343785
4 7 0.7629895517119221
4 8 0.8261647806983328
4 9 -0.13328146597899582
4 10 0.8824264201461456
4 11 -0.18658420097250095
4 12 -0.9417448466562905
4 13 -0.18444593008119692
4 14 -0.9408602275513256
4 15 0.9584153377302964
4 16 0.8789980605013326
4 17 0.5705134515011978
4 18 -0.7565349649475828
4 19 -0.6610563859860561
5 6 0.977107048557976
5 7 0.30163751131724914
5 8 -0.6627698044758716
5 9 -0.007500780429685161
5 10 0.8884263856062888
5 11 0.8087005700135799
5 12 0.3240786649644056
5 13 -0.4086208427661442
5 14 -0.7988575540460645
5 15 0.5722194952033373
5 16 -0.8130842162107508
5 17 -0.7894130086930315
5 18 -0.1842178132896517
5 19 -0.1316125264518151
6 7 0.21138621954389225
6 8 0.3164908507115247
6 9 0.9867414967764256
6 10 -0.4527513137796837
6 11 0.24618796675482568
6 12 -0.10820609618679855
6 13 -0.04650849275221258
6 14 0.6144861649039535
6 15 0.7187861861172988
6 16 -0.7776081378053983
6 17 -0.4396842761543196
6 18 -0.5959550783767877
6 19 -0.8849580211543755
7 8 0.6632859497072401
7 9 0.13328197193050273
7 10 0.23139324053749033
7 11 -0.33066851621944626
7 12 0.1548098131418223
7 13 -0.5238959188336083
7 14 0.11772027830784948
7 15 -0.6494559823355
7 16 0.45269591563222145
7 17 -0.9215359806635963
7 18 -0.12829087727334088
7 19 0.5016908425087112
8 9 -0.22552753481307075
8 10 -0.1674135640731378
8 11 0.7510214670430573
8 12 0.51785710797979
8 13 0.8658485283533706
8 14 -0.8120058731214435
8 15 -0.9308399585960614
8 16 0.20237492371623023
8 17 -0.7667705686484705
8 18 -0.9116780988868769
8 19 0.0949461505398641
9 10 -0.27410059284997623
9 11 0.8047338048804207
9 12 -0.6409625519422761
9 13 -0.7017543113143525
9 14 0.9328525252144158
9 15 -0.32033126963887626
9 16 0.8095952164563254
9 17 -0.18801123625923188
9 18 0.020905043079094687
9 19 0.17530198617552362
10 11 -0.6518867806647985
10 12 -0.2827933880101585
10 13 0.9409222390833452
10 14 -0.5149711426853187
10 15 -0.4561256597845995
10 16 0.12729068016228973
10 17 -0.8743841396786667
10 18 0.3843281040930444
10 19 -0.48429196990043666
11 12 0.6743924568683553
11 13 0.5258821896388362
11 14 -0.9050745984852089
11 15 0.30296748547259633
11 16 0.42497254452136635
11 17 -0.47429787693027037
11 18 0.1630187188791754
11 19 0.9111850698084025
12 13 0.2683645161640176
12 14 -0.8532847813784505
12 15 -0.35382982274160835
12 16 -0.972301592022917
12 17 0.1923772907747281
12 18 0.8539481454365281
12 19 0.8736869270157808
13 14 -0.12753945402554456
13 15 -0.029642758880737308
13 16 -0.5436727294535304
13 17 0.3009310060852912
13 18 -0.6622166017521538
13 19 0.9994833710087743
14 15 -0.23351958742004797
14 16 -0.4228629418665899
14 17 0.8053876880149575
14 18 -0.9564682332588923
14 19 0.45640363839239817
15 16 -0.19211927376742888
15 17 -0.6014642652905342
15 18 -0.9380255027135129
15 19 0.011288869797347001
16 17 -0.9516549580038036
16 18 0.49964835351719117
16 19 0.11745016791769558
17 18 0.49590790648229865
17 19 -0.8046619244784439
18 19 0.745006909241194
