0 0 0.5156365605378614
1 1 0.8036238673364333
6 6 -0.3746111891619148
7 7 -0.3341768924957471
12 12 0.10686762791479398
13 13 0.9015311399575694
18 18 0.5083580586264809
19 19 -0.3188564033090171
25 25 -0.7031294108220378
30 30 -0.3371965648108681
31 31 -0.14782373753887157
36 36 0.2929577718961738
37 37 0.3519977761105535
42 42 -0.6160254701439787
43 43 -0.9484638090010293
48 48 -0.6521027744325025
49 49 -0.004340093331363759
54 54 -0.5690666785976908
55 55 0.9592277021239872
60 60 -0.11448104917160262
61 61 -0.07017073012798414
66 66 -0.9932341318931721
67 67 0.5214640895720293
72 72 0.46964956075611286
78 78 0.2260128059305222
79 79 -0.6321839845883759
84 84 0.6194984394589513
85 85 -0.47006362770554944
90 90 0.38478012457488653
91 91 0.8580188025450404
96 96 0.12138201193733678
97 97 -0.531179170975222
102 102 -0.4585521770265586
103 103 -0.7013111489096657
108 108 -0.4776850892037723
109 109 -0.4199590876354373
624 624 0.12629663321634066
625 625 -0.3634959309609791
114 114 0.9440713922139043
115 115 -0.06081753931976763
630 630 0.9109333474646006
631 631 -0.2539589055729592
120 120 -0.10528641517112769
121 121 -0.7043744957052605
636 636 -0.11486087650092736
637 637 0.7109802685948221
126 126 0.03936054044595627
127 127 -0.8190537027531906
642 642 -0.6749192037834038
643 643 -0.46820540028961544
132 132 -0.8774443932681222
133 133 -0.39250947268543657
648 648 -0.177871778575307
649 649 0.3370664500847589
138 138 0.6370369470838535
139 139 0.7966021474329139
654 654 -0.3164464903647819
655 655 0.8568678909969814
144 144 0.4190382436432565
145 145 -0.23545613252498088
660 660 -0.23913588471667313
661 661 -0.9639004904800641
150 150 0.3454267641213522
151 151 -0.26210309271059784
666 666 -0.12069766117579128
667 667 0.20573907582835615
156 156 -0.20295294169740408
157 157 0.42509153096549257
672 672 -0.0819706495447694
673 673 -0.026663068915221633
162 162 -0.008909882501206834
163 163 -0.060464372605276484
678 678 -0.37163744590998893
679 679 -0.06938732479435772
168 168 0.7939151549008157
169 169 0.5289811667179842
684 684 -0.7033190189451934
685 685 0.21165327355326236
174 174 0.6866301044698375
175 175 -0.16166271562380308
690 690 0.6827185287063036
691 691 0.015445451548083744
180 180 -0.7471965933067797
181 181 0.981046587098765
696 696 0.39410275470630607
697 697 0.26695063406343444
186 186 0.772952311525331
187 187 0.2484644082162042
702 702 -0.5637632766609089
703 703 -0.36174520318192616
192 192 -0.26255142228121664
193 193 -0.1683090563535492
708 708 0.6402870176603679
709 709 -0.23718900205109827
198 198 -0.9726025226583654
199 199 0.7559749325992458
714 714 -0.1797332743836899
715 715 -0.1177565440699162
204 204 0.317302891404158
205 205 0.09910243579883016
720 720 0.053513014664140934
721 721 -0.012450656571701746
210 210 0.3896189109643604
211 211 0.49547041945325443
726 726 0.10455950401823433
727 727 -0.8188644492518928
216 216 0.4935956998083957
217 217 -0.980005612574854
732 732 -0.5771526590858127
733 733 0.05580876027334902
222 222 -0.5437376137846985
223 223 0.3073419331367935
738 738 -0.7482591708020885
739 739 -0.8170791878301591
228 228 -0.8859231832078835
229 229 -0.26821254928284133
744 744 -0.2839151737781631
745 745 -0.9527531675285714
234 234 0.9367012743061329
235 235 0.700660559686044
750 750 0.9526491430030968
751 751 -0.24788084580215108
756 756 -0.9936090611589248
757 757 -0.823446365186792
762 762 -0.1312637862763555
763 763 -0.3239134220096269
768 768 -0.04400481648104604
769 769 -0.9078730502468617
774 774 -0.16246904433452514
775 775 -0.11397844514568267
780 780 -0.9355923748736681
781 781 0.797685800807211
786 786 -0.7629386299912302
787 787 0.5163610209342846
792 792 0.7393813949451409
793 793 0.5151778366056543
798 798 -0.6224366428030679
799 799 0.11001401117746012
804 804 -0.07710144048402778
805 805 -0.7884993046331634
810 810 -0.7336546800505896
811 811 0.7320904124359819
816 816 -0.9759194157254218
817 817 -0.13717701279534666
822 822 -0.7262732113682426
823 823 -0.34471681879029914
828 828 0.0332310029130829
829 829 0.8295835865098591
834 834 0.013525654927365904
835 835 0.32071185511816824
840 840 0.8642639098801999
841 841 -0.7921531123385399
846 846 0.8620564327234672
847 847 0.26410286868218225
852 852 0.297663499322669
853 853 0.0720105329608609
858 858 0.996680719919949
859 859 0.7508167177208585
0 1 0.7666303996175656
0 6 0.05363956384707147
0 624 -0.3018364030665288
0 636 0.8558764073123868
0 648 0.4549709099711614
0 660 0.4442746171611307
0 672 -0.5240706162888915
0 684 0.10542520768058217
0 696 -0.6720504351348937
0 708 -0.08941962934516368
1 6 -0.018735180759802184
1 7 -0.5886249016120966
1 720 -0.6533246293689727
1 732 -0.10274071777769733
1 744 -0.666638598768857
1 756 -0.43851298135743555
1 768 0.2729452861546384
1 780 -0.3931382223468105
1 792 -0.6755155001733293
1 804 0.17048177884688953
6 7 0.5316310511165363
6 672 -0.21888461248550373
6 684 0.3625110655359478
6 696 -0.14965895559904618
6 708 0.358558865929655
6 720 -0.36205795916395034
6 732 -0.8989422034564392
6 744 0.8719966045542853
6 756 -0.9172639788748571
7 768 -0.15238817265794413
7 780 -0.22057621192596688
7 792 0.8594230185751155
7 804 -0.7705186835817155
7 816 -0.11908821936964875
7 828 -0.35389702488066477
7 840 -0.7407131955715984
7 852 0.08551600778687529
12 13 0.3445470026782369
12 18 -0.7015645694756631
12 624 0.8170692620558311
12 636 -0.3163786127270811
12 648 0.562347481892479
12 660 -0.7824852900062733
12 672 -0.4461671954212847
12 684 0.23570180378090755
12 696 0.7041636401139653
12 708 0.5202627213607363
13 18 0.9098159251534919
13 19 -0.8984858563623472
13 720 -0.5808995075675463
13 732 0.7415926385727276
13 744 -0.7466939271856217
13 756 0.7447208629453463
13 768 0.5631084760395353
13 780 0.8503253258730916
13 792 0.3854470916233259
13 804 -0.03366037948485756
18 19 -0.031120113210767686
18 672 -0.41308684349958247
18 684 -0.6444987153237935
18 696 0.27636141253557867
18 708 0.02689822204976644
18 720 0.3342267305615485
18 732 -0.8147062660556073
18 744 0.5335423847989265
18 756 0.9315028435487442
19 768 -0.8332830207866544
19 780 0.9982026299281235
19 792 0.6705752394872957
19 804 -0.48058736946516345
19 816 -0.8342178515346788
19 828 0.5043922779795689
19 840 -0.19119121095456282
19 852 0.9428006327503051
25 30 0.9879077830835161
25 31 -0.6836112875869733
25 720 -0.6599241983731354
25 732 0.2964548264338922
25 744 0.31050283094981146
25 756 0.6259466092353614
25 768 -0.06357189899491855
25 780 -0.605186415482641
25 792 -0.28353246165522106
25 804 0.5593387404862167
30 31 0.3233156788905387
30 672 0.44555179500255493
30 684 -0.9399321840882062
30 696 0.7456879310475284
30 708 -0.4807964054863596
30 720 0.6065300412571626
30 732 0.5455149121956635
30 744 0.9819232793207655
30 756 0.3964127405849007
31 768 -0.44250308064887434
31 780 0.7901388276981469
31 792 0.47205592281027453
31 804 0.2828800494507082
31 816 -0.40484261682233114
31 828 -0.4315561335792575
31 840 0.4041667900945829
31 852 0.22384159103611667
36 37 -0.8682361716337563
36 42 0.9052268568052844
36 624 -0.3377816817750905
36 636 -0.013431290883249458
36 648 0.18432670839159937
36 660 -0.40831473765592863
36 672 0.48427501250245264
36 684 0.9565591034201939
36 696 0.8414158147173973
36 708 -0.1767619930923543
37 42 0.06206241168507032
37 43 -0.05117351968831407
37 720 0.36764278277454987
37 732 0.25366816073304355
37 744 0.39737778995184847
37 756 -0.8787940543434141
37 768 0.9458311975537568
37 780 0.38275246673032703
37 792 0.7289958445748832
37 804 0.8322279264059873
42 43 -0.03676968739980824
42 672 0.20257259700586072
42 684 0.6697603313891467
42 696 0.7501688481836843
42 708 0.7509536473677461
42 720 0.9157426756046654
42 732 -0.5478310659306949
42 744 0.2041969649945139
42 756 -0.6131600293550838
43 768 -0.2041290895491481
43 780 -0.18566348793368226
43 792 0.2604809525027607
43 804 -0.6233290790809578
43 816 0.7577085624727151
43 828 -0.15686495799923228
43 840 0.33002438326402617
43 852 0.9257326811106843
48 49 0.03923550763105821
48 54 0.645312851419892
48 624 0.308789251213317
48 630 0.7971002584389606
48 636 -0.1594127573329669
48 642 -0.5004486925195257
48 648 0.8551949617416603
48 654 -0.32758272884465667
48 660 0.5650950313784493
48 666 0.18658317802398727
48 672 -0.1266431066522522
48 678 -0.15328950187928303
48 684 -0.4944888852765086
48 690 0.3865931177990283
48 696 0.1200397340611592
48 702 -0.8185245666177712
48 708 0.07591613973534983
48 714 -0.46733081030622725
49 54 0.923878238994086
49 55 -0.21587551799030447
49 720 -0.9408268913546345
49 726 0.9094696498316028
49 732 0.7665141893691001
49 738 -0.20647890370719257
49 744 0.8860475665642584
49 750 0.17405464394052084
49 756 -0.4158559114810947
49 762 -0.37583294405382195
49 768 0.11760781935200781
49 774 0.6996206463448575
49 780 -0.4456470799633341
49 786 0.9332578900289938
49 792 -0.7035234810062712
49 798 0.8053616846273934
49 804 0.5430685106445907
49 810 -0.10241601607350614
54 55 0.6993099806671417
54 672 -0.6515006572442281
54 678 0.818641759434344
54 684 -0.4193654014014787
54 690 -0.4627713386735888
54 696 -0.47601198308370973
54 702 -0.8391783457983999
54 708 -0.636876567696165
54 714 0.9152485716715049
54 720 0.45768833924613994
54 726 -0.36597412331059753
54 732 0.3767966402233327
54 738 0.5679151983285846
54 744 -0.49604024047238604
54 750 0.7107682927508994
54 756 -0.12057799942212966
54 762 -0.25333688168616586
55 768 -0.5816986962783863
55 774 -0.5363012005000056
55 780 0.1575952974795285
55 786 -0.02840767311206971
55 792 -0.7951757367090402
55 798 0.22943366872947735
55 804 -0.40562684603511334
55 810 -0.08988363663336907
55 816 -0.8198800539246636
55 822 -0.12852594371545623
55 828 0.9583547599027142
55 834 -0.5313806595067303
55 840 -0.483718116186137
55 846 -0.4113805977732603
55 852 -0.6850659882650929
55 858 -0.10689912101301591
60 61 -0.5197654858254666
60 66 -0.9766359869948338
60 624 0.7106707043886831
60 630 0.7765604569359983
60 636 0.9093343131649874
60 642 0.4482569772126157
60 648 -0.7997282774245156
60 654 0.1619034930530825
60 660 0.5255631006616928
60 666 -0.5533075595617314
60 672 0.9086464313481286
60 678 -0.3747257452791455
60 684 -0.5058957163324411
60 690 0.3056207236930637
60 696 0.33061463739708574
60 702 0.9789907499954349
60 708 0.36532805135412394
60 714 -0.8513496011467472
61 66 -0.4989524284015847
61 67 0.44188433697952356
61 720 -0.9559487748250841
61 726 -0.19698271499392206
61 732 0.014161223406499612
61 738 -0.041292887753481056
61 744 0.058649513992844016
61 750 -0.6446139323067648
61 756 0.2813471472835729
61 762 -0.7679173511215485
61 768 0.14216305143845354
61 774 -0.5370825783290634
61 780 0.5403416729700858
61 786 0.6853389785618176
61 792 -0.17988525388809173
61 798 0.8187547354418143
61 804 0.12487163841158333
61 810 0.4535338070291537
66 67 -0.07572637898563683
66 672 -0.2608067114176953
66 678 0.3704403064595603
66 684 0.6619175661948968
66 690 -0.3756092937388902
66 696 -0.11152468214694311
66 702 0.06501088974633151
66 708 0.8766460919952808
66 714 0.4805861183795872
66 720 0.688846413750539
66 726 -0.038352317854010165
66 732 -0.5221463956625436
66 738 0.48429912594564284
66 744 0.9732085667213628
66 750 -0.7429480144654506
66 756 0.17550191092374723
66 762 -0.7521118922377985
67 768 0.19802951708449656
67 774 0.8138434478017973
67 780 0.6159912150324915
67 786 0.45548838768712807
67 792 -0.5378369351115322
67 798 0.0037497100282430917
67 804 0.4924977302375846
67 810 0.32221753072948256
67 816 0.24372381409791521
67 822 -0.49824302386486563
67 828 0.9260922852058933
67 834 0.11429482239308708
67 840 -0.3119205045504687
67 846 -0.5901614851227401
67 852 0.0590738277551941
67 858 -0.5266456178903896
72 78 -0.5092326904600513
72 624 -0.62922546986403
72 630 0.8406561167099091
72 636 -0.5994991162185146
72 642 -0.9176675360792266
72 648 -0.2653463487258514
72 654 -0.30325152481097417
72 660 0.18967196223401772
72 666 0.07198885872217087
72 672 0.4853462865981337
72 678 0.6692869597798192
72 684 -0.4389444909448861
72 690 0.8817100537183031
72 696 -0.8019941651487952
72 702 0.8863910566176081
72 708 -0.6050976449556464
72 714 -0.8277544117076776
78 79 0.33602605612255343
78 672 -0.1611844415793564
78 678 -0.6095273163008523
78 684 0.3779565514707457
78 690 0.6764569568026084
78 696 -0.8786335915773673
78 702 -0.6377865310485396
78 708 -0.7622152747273108
78 714 -0.30676024780074695
78 720 0.3616587167053851
78 726 -0.5602796376341246
78 732 0.8029307964951131
78 738 -0.9152636699878831
78 744 0.7171824798319009
78 750 0.6247478395859014
78 756 0.4845660600133803
78 762 0.7151404410152364
79 768 0.7679754011904452
79 774 -0.639999381933559
79 780 -0.4039531626838102
79 786 -0.9714220254186026
79 792 0.8511827149242801
79 798 -0.19751242098679023
79 804 0.8157732697134297
79 810 0.8766784305301991
79 816 0.5901844085117527
79 822 -0.9788046798374042
79 828 -0.21662662935174493
79 834 0.6825329759627976
79 840 -0.531529009864524
79 846 0.7996690036238048
79 852 -0.7641318046979986
79 858 0.7577058376294339
84 85 -0.4239945606638129
84 90 0.6829728669433677
84 624 -0.322276067638231
84 630 0.07863126312845892
84 636 -0.2463375816234734
84 642 0.17679418948120862
84 648 -0.29431660626693024
84 654 -0.1536949212479941
84 660 -0.014489144468455617
84 666 0.38597471922166426
84 672 0.2397053537550471
84 678 0.27746243738149445
84 684 -0.33687035415944644
84 690 -0.4135491873619499
84 696 -0.6027282375652749
84 702 0.803840115359366
84 708 0.04531434062784245
84 714 0.881232654531309
85 90 -0.7065744163175385
85 91 0.5518503892850195
85 720 -0.47561850805922856
85 726 0.5700158278909941
85 732 0.49389181465800513
85 738 0.17293642572206558
85 744 0.9530579191155784
85 750 0.9893912618291212
85 756 0.14417156224129224
85 762 -0.8648775092671477
85 768 0.9010935033066585
85 774 0.7691475426981262
85 780 0.925402359312264
85 786 0.23705662435440544
85 792 -0.04046436239292395
85 798 -0.9313778364992304
85 804 -0.9990248709042173
85 810 0.4774906964878527
90 91 -0.7458193195354403
90 672 -0.6877241333760067
90 678 -0.8426677397669464
90 684 -0.13286795768579918
90 690 0.9325289659038032
90 696 -0.7163859632835707
90 702 -0.8542662302428452
90 708 0.5230628538623001
90 714 -0.5102112779499781
90 720 -0.296705091227208
90 726 0.011972981085060397
90 732 0.9019217266253696
90 738 -0.6848955209740106
90 744 -0.37833750014613554
90 750 0.9797282268799024
90 756 -0.3676816042749642
90 762 0.33473691625383983
91 768 -0.9020854813679582
91 774 -0.6106744530521497
91 780 -0.007095929006845969
91 786 -0.5759538796630905
91 792 -0.1389871198024173
91 798 0.7299246923441496
91 804 -0.5690809485261272
91 810 0.6684257918054242
91 816 -0.9234538917122881
91 822 -0.9483950585145193
91 828 -0.5190913783355013
91 834 -0.21615204016463285
91 840 -0.804986414942592
91 846 -0.3036499970812241
91 852 -0.8449513634288457
91 858 0.18456194581402108
96 97 -0.588439474983939
96 102 0.7532396022371304
96 625 0.41637859189400706
96 630 0.41778742806158653
96 637 -0.9601026059861169
96 642 0.06881462128457194
96 649 -0.42311812718862307
96 654 -0.5292230679230039
96 661 -0.9784970118512739
96 666 -0.5154434832186698
96 673 0.5077224441895629
96 678 -0.8263722039043155
96 685 -0.9509752460882734
96 690 -0.5669369928171215
96 697 0.022758844310916793
96 702 0.3605109346487456
96 709 -0.07347817605874507
96 714 -0.5158275081900039
97 102 -0.4487581651087784
97 103 -0.36702304695721066
97 721 -0.39642813672305177
97 726 -0.652569903889906
97 733 0.14433680464665555
97 738 0.3968687363712573
97 745 -0.5947244689922508
97 750 0.4512271357943669
97 757 0.6609967966029118
97 762 0.35940149670787513
97 769 0.8319679627295886
97 774 0.17958281652231745
97 781 0.6042556974324809
97 786 -0.6932766983013963
97 793 -0.21730595436322409
97 798 -0.9774128217234321
97 805 0.45182357536728324
97 810 -0.1736145864730021
102 103 -0.7680261208410264
102 673 -0.05911082836459447
102 678 0.34687229391795604
102 685 0.16000478636463122
102 690 -0.6265361874786954
102 697 0.3221431922839426
102 702 0.9816842345851466
102 709 0.7139651226090384
102 714 0.5673000273256752
102 721 -0.33020483670446277
102 726 0.4860553290782794
102 733 0.2555403477090501
102 738 -0.5994659486367087
102 745 0.8656064205835017
102 750 -0.45077500056721176
102 757 0.6892445246132575
102 762 0.8873670571096215
103 769 -0.35005848761121294
103 774 0.40294820251333796
103 781 0.5463553333529547
103 786 0.30499863378015624
103 793 0.6125863929392972
103 798 0.6718406428285517
103 805 0.8464941233376257
103 810 -0.8061289887731369
103 817 0.013661543253330688
103 822 0.29213863329171597
103 829 -0.5280715663039031
103 834 -0.8136675508202798
103 841 -0.389526836192885
103 846 0.4032537609101734
103 853 0.12762473522977125
103 858 0.5563115209189997
108 109 -0.42072932058577517
108 114 -0.9454704221886945
108 625 0.6285164832211088
108 630 -0.5911959274998
108 637 -0.07486524355822533
108 642 0.24556792026722363
108 649 0.012433330400796416
108 654 0.2196119836678001
108 661 0.9544956796633763
108 666 -0.6681013760959127
108 673 0.759515136204161
108 678 0.6283491038136455
108 685 0.8450597673189959
108 690 -0.24103995705954184
108 697 0.9368621949768074
108 702 0.9156169760557742
108 709 -0.3721938101465678
108 714 0.8171033627095259
109 114 0.32948255673005944
109 115 0.31959254577161733
109 721 -0.8125630929547316
109 726 0.393897602401158
109 733 -0.6167313459858532
109 738 0.5897535318078675
109 745 -0.1179592848573674
109 750 0.266103701381053
109 757 0.46189282596404446
109 762 -0.08621211215457447
109 769 0.10175179591949468
109 774 -0.5481698340013523
109 781 0.22992881744461746
109 786 -0.6291006405656272
109 793 -0.9948316514133668
109 798 0.06159147506790119
109 805 0.9980162545972786
109 810 -0.6199804952657069
624 625 0.7383667365009396
624 630 -0.08972078418882723
625 120 0.4723336419438473
625 132 -0.07348655902835488
625 144 -0.8740380313290641
625 156 0.8063459654980114
625 168 -0.6807703979524122
625 180 -0.5284147703249118
625 630 -0.5304293854480493
625 631 0.01569047502962273
114 115 -0.6278285535891355
114 673 -0.1760047578213062
114 678 0.007861889883974182
114 685 0.8026168543362264
114 690 0.08795889525716794
114 697 0.20028952671558464
114 702 0.49302578466876046
114 709 -0.6893878591786087
114 714 -0.262648257058979
114 721 0.5606162155138879
114 726 -0.8956450327112457
114 733 -0.8010330539446409
114 738 -0.10515852809013615
114 745 0.25972515729402756
114 750 -0.14097852000754663
114 757 0.46929800033545566
114 762 -0.6188816881556667
115 769 -0.6292876945297734
115 774 0.20593813646319692
115 781 -0.7117200748619195
115 786 0.3461799547928557
115 793 0.973672965548388
115 798 -0.8546614499709937
115 805 0.4347157438994509
115 810 0.08616566765550582
115 817 -0.6920479111047757
115 822 0.2019122554525692
115 829 0.6273664606616267
115 834 -0.21195673502977885
115 841 -0.049116600052653725
115 846 -0.00434040785209211
115 853 0.9584573687976248
115 858 -0.5911104881432356
630 120 -0.34205946905670737
630 132 0.14306091802828313
630 631 0.6606563040259459
631 144 -0.7557294950646116
631 156 0.23458939764158648
631 168 0.9163530503990778
631 180 -0.7286152655983613
631 192 0.5488828569940771
631 204 0.6520311497498963
631 216 -0.7583229110786447
631 228 0.4591915846880992
120 121 0.01368649286803958
120 126 0.9186993023044603
120 637 -0.5968146796013762
120 642 0.34699369613789566
120 649 0.3837283652081944
120 654 -0.7903072879245512
120 661 0.10781566643441343
120 666 -0.38869340294095744
120 673 -0.3094263715146113
120 678 0.5332559600071405
120 685 0.4161135142873813
120 690 0.7391660620372342
120 697 -0.286838802784793
120 702 0.9673118837149792
120 709 -0.9747428419833175
120 714 -0.3142558876164374
121 126 0.20272034408002226
121 127 0.5416352063298826
121 721 0.41018035058842783
121 726 -0.8994434543162857
121 733 -0.7235623830240496
121 738 -0.7583438385595711
121 745 0.11569636801740768
121 750 0.2325240507518478
121 757 0.15205310502440073
121 762 0.27689822332328085
121 769 -0.1977952529970466
121 774 0.9572347272828863
121 781 -0.1376945278993693
121 786 -0.3047614345868457
121 793 -0.37258354730658994
121 798 -0.5467208572111286
121 805 0.3657954264107335
121 810 0.8292488618346883
636 637 0.7806382911953849
636 642 -0.06458111261409383
637 132 0.6718541109140477
637 144 0.20730164552737773
637 156 0.9849522144553875
637 168 0.08077389452935746
637 180 0.8246851335772554
637 642 -0.3049924712920009
637 643 0.24022904290395708
126 127 0.5178099674834047
126 673 0.7527224290051695
126 678 -0.34958112526142804
126 685 0.91587642036699
126 690 -0.32442607976516946
126 697 -0.8039763044721471
126 702 0.9004541468354876
126 709 0.7706349375424282
126 714 -0.1924609352336195
126 721 0.1852217694635674
126 726 -0.07627916208578789
126 733 0.46721458883894695
126 738 -0.26524413719583895
126 745 -0.35309076054209765
126 750 0.8243572599980573
126 757 0.0674832718863525
126 762 -0.3171428428328149
127 769 0.30218955316761953
127 774 0.9546841227778533
127 781 0.6192464789667298
127 786 -0.6859883123677637
127 793 -0.4503056627044888
127 798 0.7068826003271056
127 805 -0.2761528292507849
127 810 -0.5391603400061147
127 817 -0.5870006846909936
127 822 0.22992900000918937
127 829 -0.32683863502026145
127 834 0.5094095051927006
127 841 -0.9490429876122777
127 846 -0.5040554919900184
127 853 -0.07847690562628018
127 858 -0.6112996929570387
642 132 -0.30394242591497167
642 643 -0.0935440976670272
643 144 -0.6596367427452605
643 156 0.8948239222174126
643 168 0.2595962994629628
643 180 0.1296562378089927
643 192 0.1016241588313902
643 204 0.14286379498649482
643 216 0.3644117333951211
643 228 -0.9599934840336781
132 133 0.6939124752605037
132 138 0.1362516832328271
132 649 -0.3598097337487496
132 654 -0.6782191955901065
132 661 -0.49012978723529477
132 666 0.18631723650757226
132 673 -0.11840957675013675
132 678 0.515832294610076
132 685 -0.6500943595725777
132 690 -0.7365453398041804
132 697 -0.6038224028044419
132 702 0.6214404040797881
132 709 0.4305778572207939
132 714 -0.7258643598092656
133 138 -0.9974541178466734
133 139 -0.560712346128025
133 721 0.3315319620734438
133 726 -0.03801641124995592
133 733 0.300734053229873
133 738 -0.17268879293166872
133 745 -0.5653245937208862
133 750 0.7047588844181254
133 757 0.13014803236608552
133 762 -0.3000032551254199
133 769 -0.9379048308611022
133 774 -0.6967573034505967
133 781 0.09719484643347531
133 786 0.11843810086943485
133 793 0.8958977889938151
133 798 -0.2536357674769738
133 805 0.8282976294506226
133 810 0.27022500817875095
648 649 0.07255179481933838
648 654 0.5283232591726599
649 144 0.5342683009473292
649 156 -0.47308022560802976
649 168 0.9059884658875481
649 180 0.5961286452489611
649 654 0.07131930043399848
649 655 0.11511772918626373
138 139 0.4381064848788674
138 673 0.987269639834258
138 678 -0.7514842600632521
138 685 -0.02569667425897304
138 690 -0.5809187435395229
138 697 -0.4823819418313322
138 702 -0.6811820828820023
138 709 -0.7535435609520726
138 714 0.4131041737507639
138 721 0.3695966678120264
138 726 -0.8848874835532561
138 733 -0.7230441404930181
138 738 -0.5503762609989751
138 745 0.6027524881070194
138 750 0.6136155539264729
138 757 0.01365637750529447
138 762 0.35339857927994567
139 769 0.9340751503510685
139 774 -0.3349896799820047
139 781 -0.41433066190980905
139 786 0.05717811333734857
139 793 0.2572068308974689
139 798 -0.1563178903605016
139 805 -0.2294247268268763
139 810 -0.8324254257319013
139 817 0.13302189789173258
139 822 0.785047654569736
139 829 -0.6439155891066977
139 834 -0.20125355999045258
139 841 0.410939515872194
139 846 -0.04273371333415521
139 853 0.1346468888180743
139 858 -0.27777953783174314
654 655 0.5577881544493972
655 144 0.8778373758740223
655 156 -0.18867278142831734
655 168 0.38225452069977983
655 180 0.25540456968822456
655 192 -0.77578602294112
655 204 0.38510554874525704
655 216 0.2979791955608371
655 228 -0.4070102574559076
144 145 -0.45914854197303834
144 150 -0.2768280398625518
144 661 -0.21967604667242635
144 667 0.24164979157519695
144 673 0.7871996589987662
144 679 -0.03944137514551738
144 685 0.17208736138041836
144 691 -0.35023306438417334
144 697 0.39188880037026186
144 703 0.07479362668211875
144 709 0.05774575856389785
144 715 0.793689108335258
145 150 -0.28720800163667115
145 151 -0.05133347822343537
145 721 0.13235597119228704
145 727 -0.04215859130515587
145 733 0.7472031274390003
145 739 -0.6662513303065489
145 745 -0.26113981765306415
145 751 -0.30002284699169657
145 757 0.1954414996807201
145 763 0.25658214808182134
145 769 -0.49825494734286324
145 775 0.3301556193567512
145 781 -0.9219801769744582
145 787 -0.46223017257609533
145 793 0.7636667585718286
145 799 -0.5545437985053798
145 805 -0.45405845541208256
145 811 0.7027447802293405
660 661 0.19577058278254844
660 666 -0.5639116911326438
661 156 0.33132069670642994
661 168 0.6579031662887533
661 180 -0.5648519215371126
661 666 -0.2963233450850846
661 667 0.8917763653347157
150 151 0.7309814209175511
150 673 0.1347585908347062
150 679 -0.28403668774118396
150 685 0.3838644019931403
150 691 -0.28205981988009965
150 697 0.18348239759074092
150 703 -0.3191507899125856
150 709 -0.8894409414809143
150 715 -0.6277914069514676
150 721 0.64830997179669
150 727 0.040790202008074594
150 733 0.1205733430205076
150 739 0.037094519773574586
150 745 0.9299370611572486
150 751 -0.740602547696642
150 757 0.10619876656299243
150 763 -0.7621710739743974
151 769 0.09689051322497444
151 775 0.15665111597837567
151 781 -0.0937635173984881
151 787 -0.775414490886511
151 793 0.8891233701193761
151 799 -0.5431610626302423
151 805 -0.4890393154086552
151 811 0.08659161349709876
151 817 0.44528981926369826
151 823 0.8037280028972131
151 829 0.8610688776066024
151 835 -0.32160173503177103
151 841 -0.787257838395127
151 847 -0.6205670180888523
151 853 -0.57291389698897
151 859 -0.817982598197887
666 667 0.6028225853205613
667 156 0.2657185112149745
667 168 -0.3558182233646454
667 180 -0.49327176385575133
667 192 0.9893373208518375
667 204 0.7501258357970106
667 216 -0.224319268462007
667 228 -0.04079732744181164
156 157 -0.2709936486836295
156 162 -0.9751010709443464
156 673 -0.5115331549193476
156 679 0.24359437655080152
156 685 0.5897423193374463
156 691 0.5354796164620159
156 697 0.06001354508616141
156 703 -0.360067013122076
156 709 0.6379583964626083
156 715 0.31969206261886796
157 162 0.964480447110373
157 163 0.7291345144379755
157 721 -0.5081358198490566
157 727 0.765971738905646
157 733 0.8773032732834207
157 739 -0.7945759868030897
157 745 0.18707946002626108
157 751 -0.2591579829970545
157 757 -0.4406247669864043
157 763 0.640905343314869
157 769 0.4618567100257174
157 775 -0.12901017721568042
157 781 -0.5254192212531581
157 787 0.9373177445346859
157 793 0.25086513793752263
157 799 0.5907171184850395
157 805 0.023824922868948883
157 811 -0.7122684605173975
672 673 0.5566994881270539
672 678 -0.8136366595752129
673 162 -0.1852663383836406
673 168 0.5166485567912207
673 174 0.7851518189248368
673 180 0.23897585735655302
673 186 0.5218459553140464
673 678 0.19117624517981335
673 679 -0.11369863271389224
162 163 0.7680082312300722
162 679 0.2122083581241665
162 685 -0.7134633563828281
162 691 0.6124739961104322
162 697 -0.11975117439580818
162 703 0.6385641550915082
162 709 0.6486989402101888
162 715 0.27211207968651174
162 721 -0.18485717524816692
162 727 0.6831581083470528
162 733 0.7996067620959246
162 739 -0.42787052506752943
162 745 -0.5391137462616371
162 751 0.22985334260172396
162 757 0.7655420884578008
162 763 0.6039898306576839
163 769 0.10654579375707618
163 775 0.49956544988293516
163 781 -0.23523146736181166
163 787 -0.21195291898586177
163 793 -0.3937810214654507
163 799 0.03262700984061695
163 805 0.023372019417303047
163 811 0.521505344094541
163 817 0.7346167620862509
163 823 -0.1282037711730626
163 829 0.8505592726854647
163 835 -0.3171444182305574
163 841 -0.9800798479352253
163 847 -0.06896617598366128
163 853 -0.6970572567026379
163 859 -0.6033565577080118
678 679 -0.5398060129484805
679 168 0.9355535157166635
679 174 0.08203527019487478
679 180 -0.17949515507493397
679 186 0.28134141934988466
679 192 -0.9215456681457665
679 198 -0.6501031956551664
679 204 0.7069205770170117
679 210 0.29145886473413984
679 216 -0.78039344076721
679 222 -0.46669529867522264
679 228 -0.1021297262047447
679 234 -0.6356856181941837
168 169 0.29213039440530975
168 174 -0.25376743335411023
168 685 -0.6931748931314943
168 691 0.11437271696829487
168 697 -0.7145958667255945
168 703 -0.808390490723566
168 709 0.6440014604887436
168 715 0.5516098863746302
169 174 -0.9709409707919938
169 175 0.05168444805594641
169 721 0.3587847079655584
169 727 0.6008884562735566
169 733 -0.49903710597864737
169 739 -0.2667312377665165
169 745 -0.9074409664207514
169 751 -0.7703094492947387
169 757 0.45384280992236437
169 763 -0.6799289408393787
169 769 -0.13178802965001823
169 775 -0.9398134679573131
169 781 -0.09536892969616817
169 787 -0.5900217582247729
169 793 -0.10100423338918807
169 799 0.06230853684161253
169 805 -0.5537917639006562
169 811 0.8249659368273794
684 685 -0.6974464722101192
684 690 0.5938336483249391
685 174 0.6545378561344499
685 180 -0.8034480784939813
685 186 -0.7834460159999475
685 690 0.16700657910929206
685 691 0.7115128096061347
174 175 0.7900730432138319
174 691 0.5829865379998338
174 697 -0.9912385342514118
174 703 -0.11711824055803977
174 709 -0.05004121831628128
174 715 0.40106955979085135
174 721 -0.7034620361161148
174 727 -0.1386775844204402
174 733 -0.020584109472007173
174 739 0.4557208368336578
174 745 -0.6190724050836127
174 751 0.4562364836481778
174 757 -0.22806050154486512
174 763 -0.2981133783253589
175 769 -0.8375473616924152
175 775 0.8897092814927265
175 781 0.8888437082674479
175 787 0.052794546759503236
175 793 -0.11877116612285299
175 799 -0.0666410213864439
175 805 0.3082040742694272
175 811 -0.2996188079362281
175 817 -0.2531187227999083
175 823 -0.12092375718233828
175 829 -0.15680105032583747
175 835 0.08608026924658208
175 841 0.770321156960591
175 847 -0.9699863848101604
175 853 -0.21512196413371876
175 859 0.4662710243260817
690 691 0.2866689391843358
691 180 -0.8469928233414232
691 186 0.6484395938784422
691 192 -0.141802742660053
691 198 -0.10385488018689748
691 204 -0.583778253796688
691 210 0.39571957880348974
691 216 -0.412758442687583
691 222 -0.7948439858743881
691 228 -0.06159592472423925
691 234 0.019729702152626594
180 181 0.7426101822373528
180 186 -0.13566575058200803
180 697 -0.9120456000821517
180 703 -0.48034179075345795
180 709 -0.7719700245908143
180 715 0.5913282079426083
181 186 0.8960945868732269
181 187 -0.8298172668064487
181 721 0.2906244993927998
181 727 -0.7337109028630631
181 733 0.7071956297676778
181 739 0.05856067173217516
181 745 -0.5708359362107804
181 751 0.495157811870478
181 757 0.7201983354160801
181 763 0.18569698881525554
181 769 0.2868955947742764
181 775 -0.6499793482442213
181 781 -0.9812412398571912
181 787 0.38822376264915226
181 793 0.28110339224422565
181 799 0.03394347644314011
181 805 0.4333349124923698
181 811 -0.7407891774813034
696 697 0.18865159943426435
696 702 0.2735736022589612
697 186 -0.9541493198483675
697 702 -0.5163172622816474
697 703 -0.8066142860620982
186 187 -0.9650354536668693
186 703 0.5437297356606077
186 709 -0.40491683287115854
186 715 0.9141624959826293
186 721 -0.780270383537012
186 727 -0.449998965849699
186 733 0.2514727588569776
186 739 -0.11011850503359244
186 745 0.1722005585031663
186 751 0.41690365585493594
186 757 -0.6708171521171977
186 763 0.05503386177294556
187 769 0.849232964698867
187 775 0.3017254668194931
187 781 -0.003769757145401842
187 787 0.31462013754022355
187 793 -0.06260291651451899
187 799 0.3436518618726807
187 805 -0.8346146779963342
187 811 0.7393867012953261
187 817 -0.4692826508849903
187 823 0.5804586644559933
187 829 0.7647361608131193
187 835 -0.5154194094881079
187 841 0.05693007158310048
187 847 0.998648524699588
187 853 -0.5088162348204475
187 859 0.867561522712945
702 703 0.02321183630889645
703 192 -0.3032883320430648
703 198 0.09469305486270185
703 204 0.34488204901521047
703 210 0.5796146054466755
703 216 -0.26649105772320003
703 222 -0.001955303566488764
703 228 -0.16555558551975036
703 234 -0.31299477895582495
192 193 0.6163272444325574
192 198 -0.0311954775046146
192 715 -0.9082595944564724
193 198 -0.49719804645683396
193 199 -0.7034377297894867
193 727 -0.3468424904105212
193 739 -0.45882749402554945
193 751 -0.7315284055171041
193 763 -0.7558289346209062
193 775 0.00461100457051189
193 787 -0.6642591148655732
193 799 0.439791308910626
193 811 -0.9778737393488082
708 709 -0.7613844778883185
708 714 0.6460536931725482
709 714 0.8541657479252922
709 715 -0.21055326668609076
198 199 -0.892560004941207
198 715 0.2991447536967389
198 727 0.05355123111018534
198 739 -0.29119549007812995
198 751 0.09530974490948907
198 763 -0.9219728712452637
199 775 0.49012158500600767
199 787 0.40794555069730776
199 799 0.36976531776685406
199 811 -0.7725203006144321
199 823 -0.18619821084589905
199 835 0.5247653623091171
199 847 0.4485727248835918
199 859 0.6724251523046647
714 715 0.487404867385395
715 204 -0.4692341309704915
715 210 -0.4071922782197799
715 216 -0.20001115681689785
715 222 0.9398367119181261
715 228 -0.24043901348201469
715 234 0.9101765613113952
204 205 0.8342946417224633
204 210 0.17522448086376197
205 210 0.041272788840827745
205 211 0.5260571069026185
205 727 0.6214462959458411
205 739 -0.6718988349128612
205 751 0.1049544801286526
205 763 -0.5178467657975527
205 775 0.45668879458414846
205 787 0.5396188980735592
205 799 0.2731937749999027
205 811 -0.1375158124135587
720 721 0.444781384717307
720 726 0.34962769411556627
721 726 -0.13983481966513933
721 727 0.9625165060189911
210 211 -0.4222739315613073
210 727 -0.5540377286941025
210 739 -0.863639335586571
210 751 -0.036647817891358514
210 763 0.9330410582520678
211 775 0.008514912810643649
211 787 0.13909767952744767
211 799 -0.7364315770793488
211 811 -0.8934345895656242
211 823 -0.3958603941754968
211 835 -0.7207183916491546
211 847 0.03727728584099688
211 859 -0.4806851189720309
726 727 0.9210397901892793
727 217 0.4590531680684664
727 222 0.196342652241428
727 229 0.3848774493788034
727 234 0.28545776841652803
216 217 0.20561605388609805
216 222 0.8853208586564099
217 222 -0.10721561267447877
217 223 0.6676181032246795
217 739 0.28078596332159567
217 751 -0.05792513920130182
217 763 -0.8585893576225601
217 775 0.8763946994861314
217 787 -0.37279226244671104
217 799 0.34152857004589565
217 811 -0.4864086342713059
732 733 0.9982831675194979
732 738 -0.49038461836668357
733 738 -0.9300280426878305
733 739 0.1368453746565237
222 223 -0.518322010522243
222 739 -0.504683997090597
222 751 0.8713859296723132
222 763 0.058776219537270524
223 775 -0.9836013003020581
223 787 -0.16351575740680424
223 799 0.017814202351652764
223 811 0.8098091563406975
223 823 -0.11271094395560044
223 835 -0.7058849855709959
223 847 0.5736998619572184
223 859 -0.7849933807782223
738 739 0.3811829901684123
739 229 0.5969155806409396
739 234 0.12823118460054483
228 229 0.03062634813278775
228 234 0.3236242902723234
229 234 0.8702094954999995
229 235 -0.7101141243492051
229 751 -0.24478429614643948
229 763 0.8383166936755555
229 775 -0.8513082826437077
229 787 -0.02760333102795154
229 799 -0.5045300330325768
229 811 -0.7462201018049226
744 745 0.23146953931133862
744 750 -0.6470812363289817
745 750 0.5071629250070631
745 751 0.9793140094316319
234 235 -0.613454906099604
234 751 -0.8756301740111267
234 763 0.09609095786956745
235 775 0.7148117757126431
235 787 -0.06926987156757702
235 799 -0.3316308390516278
235 811 -0.2587070801861957
235 823 0.91402174452447
235 835 -0.08828519825439796
235 847 -0.7235225497656999
235 859 -0.2949589581884686
750 751 -0.7595194455342991
756 757 -0.8756620750419035
756 762 0.996761089318196
757 762 -0.5409042926966243
757 763 -0.2638341583737318
762 763 -0.8616582281190164
768 769 -0.7216520040417773
768 774 0.5211990980330814
769 774 -0.7427193407270682
769 775 0.9060234139757801
774 775 0.6005781793489591
780 781 -0.927865939123808
780 786 -0.13794258962209915
781 786 0.960741293897881
781 787 0.23895601427814173
786 787 -0.7024413171675821
792 793 -0.4903165336232729
792 798 -0.5496098823932836
793 798 -0.6925512744387934
793 799 -0.550613260667072
798 799 -0.5979482554884294
804 805 0.4894751058779341
804 810 -0.3474071138654691
805 810 0.028806604897866128
805 811 0.570319488226865
810 811 0.6732219663687944
816 817 -0.8338344406198295
816 822 -0.548269880090061
817 822 -0.7177255444768662
817 823 0.2750105737027899
822 823 0.1682485925649182
828 829 0.17790135312744093
828 834 -0.9659005312960582
829 834 0.8691355195083648
829 835 -0.4098659526777009
834 835 0.07159846398233838
840 846 0.5830108809199754
841 846 0.5866223865241686
841 847 0.2985672118076226
846 847 -0.025530046175235244
852 853 0.6825742527285505
852 858 -0.8203453828786249
853 858 0.26530595425185655
853 859 -0.7170537506384109
858 859 -0.16284340259391605
