-3825.6084
-3825.524
-3825.5073
-3825.4563
-3825.4463
-3825.408
-3825.3972
-3825.3933
-3825.371
-3825.3345
-3825.3271
-3825.3132
-3825.3022
-3825.2908
-3825.2812
-3825.2734
-3825.2727
-3825.2676
-3825.2417
-3825.2275
-3825.2266
-3825.2197
-3825.2068
-3825.2046
-3825.191
-3825.191
-3825.1797
-3825.164
-3825.15
-3825.1445
-3825.139
-3825.1357
-3825.133
-3825.119
-3825.1165
-3825.1157
-3825.1123
-3825.0933
-3825.081
-3825.0754
-3825.0696
-3825.063
-3825.0627
-3825.0579
-3825.048
-3825.0466
-3825.0464
-3825.0457
-3825.0386
-3825.0278
-3825.022
-3824.9954
-3824.9695
-3824.9387
-3824.9329
-3824.9302
-3824.9294
-3824.9163
-3824.9045
-3824.9045
-3824.8977
-3824.8945
-3824.8792
-3824.8774
-3824.865
-3824.8584
-3824.8572
-3824.8467
-3824.8108
-3824.8096
-3824.8066
-3824.8057
-3824.8042
-3824.8
-3824.7969
-3824.7817
-3824.7737
-3824.7708
-3824.7693
-3824.7654
-3824.7583
-3824.7544
-3824.7485
-3824.7478
-3824.7458
-3824.7458
-3824.7378
-3824.7305
-3824.7168
-3824.7153
-3824.7136
-3824.698
-3824.6965
-3824.6958
-3824.693
-3824.6887
-3824.6877
-3824.687
-3824.68
-3824.6716
-3824.6663
-3824.6663
-3824.6611
-3824.6553
-3824.6409
-3824.64
-3824.6365
-3824.6348
-3824.6343
-3824.6328
-3824.628
-3824.6277
-3824.6206
-3824.6167
-3824.6157
-3824.597
-3824.5803
-3824.5676
-3824.563
-3824.5618
-3824.5618
-3824.5593
-3824.5576
-3824.5461
-3824.5454
-3824.5364
-3824.5347
-3824.53
-3824.5261
-3824.5256
-3824.52
-3824.5173
-3824.5173
-3824.5166
-3824.5156
-3824.5144
-3824.5117
-3824.507
-3824.4941
-3824.4907
-3824.4868
-3824.4792
-3824.475
-3824.4702
-3824.4697
-3824.4565
-3824.4558
-3824.453
-3824.4524
-3824.45
-3824.4497
-3824.4478
-3824.4458
-3824.4456
-3824.4424
-3824.439
-3824.4148
-3824.4106
-3824.4055
-3824.3965
-3824.3784
-3824.3735
-3824.371
-3824.3687
-3824.3584
-3824.3472
-3824.347
-3824.344
-3824.341
-3824.337
-3824.336
-3824.331
-3824.325
-3824.3225
-3824.3223
-3824.3167
-3824.3154
-3824.309
-3824.307
-3824.3066
-3824.3044
-3824.3008
-3824.3005
-3824.294
-3824.2932
-3824.2915
-3824.2905
-3824.2842
-3824.2834
-3824.2803
-3824.2793
-3824.2705
-3824.2683
-3824.2668
-3824.2656
-3824.262
-3824.2617
-3824.2612
-3824.2588
-3824.258
-3824.2522
-3824.2463
-3824.2422
-3824.2412
-3824.2397
-3824.2395
-3824.2395
-3824.236
-3824.2332
-3824.2317
-3824.2217
-3824.2212
-3824.215
-3824.215
-3824.213
-3824.2075
-3824.1995
-3824.1982
-3824.1885
-3824.1873
-3824.182
-3824.1755
-3824.1687
-3824.1685
-3824.1604
-3824.158
-3824.1572
-3824.1565
-3824.1536
-3824.1519
-3824.1494
-3824.1482
-3824.147
-3824.1414
-3824.1372
-3824.1362
-3824.1313
-3824.126
-3824.1248
-3824.1182
-3824.1152
-3824.114
-3824.1108
-3824.1067
-3824.105
-3824.1038
-3824.103
-3824.1013
-3824.1003
-3824.0989
-3824.0886
-3824.0864
-3824.0857
-3824.082
-3824.0808
-3824.0754
-3824.0718
-3824.0715
-3824.0696
-3824.068
-3824.066
-3824.065
-3824.063
-3824.0574
-3824.055
-3824.0469
-3824.0466
-3824.0457
-3824.0457
-3824.0447
-3824.0427
-3824.04
-3824.0398
-3824.038
-3824.0295
-3824.0156
-3824.0146
-3824.0093
-3824.009
-3824.0063
-3824.0059
-3823.9949
-3823.994
-3823.9932
-3823.9897
-3823.9849
-3823.9836
-3823.981
-3823.9724
-3823.97
-3823.961
-3823.9597
-3823.958
-3823.9568
-3823.9526
-3823.95
-3823.9487
-3823.9458
-3823.9456
-3823.9402
-3823.936
-3823.934
-3823.9277
-3823.927
-3823.926
-3823.9253
-3823.9248
-3823.9214
-3823.9177
-3823.9146
-3823.9026
-3823.8994
-3823.894
-3823.8938
-3823.8933
-3823.8926
-3823.8916
-3823.8855
-3823.8835
-3823.8796
-3823.879
-3823.8691
-3823.8667
-3823.8667
-3823.8643
-3823.861
-3823.8586
-3823.856
-3823.8547
-3823.8525
-3823.849
-3823.8472
-3823.847
-3823.8413
-3823.816
-3823.8157
-3823.8145
-3823.811
-3823.8093
-3823.8042
-3823.8042
-3823.8035
-3823.799
-3823.7983
-3823.7969
-3823.7969
-3823.7957
-3823.7957
-3823.7915
-3823.7864
-3823.7847
-3823.7722
-3823.7644
-3823.7607
-3823.7556
-3823.7544
-3823.7527
-3823.7517
-3823.7441
-3823.737
-3823.7358
-3823.734
-3823.7236
-3823.7227
-3823.7227
-3823.7217
-3823.718
-3823.7178
-3823.7085
-3823.7036
-3823.7036
-3823.7017
-3823.6992
-3823.6956
-3823.6924
-3823.6887
-3823.6887
-3823.6887
-3823.6853
-3823.682
-3823.6763
-3823.6704
-3823.6677
-3823.6675
-3823.661
-3823.6606
-3823.6582
-3823.6533
-3823.648
-3823.6313
-3823.6309
-3823.6304
-3823.6301
-3823.623
-3823.6226
-3823.62
-3823.62
-3823.6184
-3823.6167
-3823.6113
-3823.6084
-3823.607
-3823.6062
-3823.6055
-3823.6025
-3823.5994
-3823.596
-3823.5942
-3823.5908
-3823.5898
-3823.5876
-3823.5876
-3823.5874
-3823.5864
-3823.5825
-3823.5774
-3823.5715
-3823.5671
-3823.5588
-3823.5562
-3823.5535
-3823.5532
-3823.5508
-3823.55
-3823.5454
-3823.5442
-3823.5435
-3823.538
-3823.5356
-3823.533
-3823.5327
-3823.5247
-3823.524
-3823.523
-3823.5212
-3823.5203
-3823.5176
-3823.5168
-3823.516
-3823.5146
-3823.5134
-3823.5093
-3823.4944
-3823.488
-3823.4858
-3823.4814
-3823.4814
-3823.4746
-3823.4707
-3823.4707
-3823.4668
-3823.4663
-3823.4646
-3823.4585
-3823.454
-3823.4536
-3823.4507
-3823.4487
-3823.448
-3823.4458
-3823.4438
-3823.4436
-3823.4421
-3823.437
-3823.4363
-3823.4304
-3823.4243
-3823.4216
-3823.4143
-3823.4116
-3823.4111
-3823.4082
-3823.4077
-3823.3982
-3823.3982
-3823.397
-3823.3955
-3823.3938
-3823.3914
-3823.3909
-3823.3862
-3823.3823
-3823.3796
-3823.3772
-3823.3745
-3823.3726
-3823.3604
-3823.3582
-3823.3567
-3823.3525
-3823.3462
-3823.3413
-3823.3323
-3823.33
-3823.3176
-3823.3157
-3823.314
-3823.313
-3823.3088
-3823.3086
-3823.3076
-3823.3057
-3823.2954
-3823.294
-3823.2937
-3823.2883
-3823.2808
-3823.2803
-3823.2773
-3823.2766
-3823.2637
-3823.2627
-3823.2598
-3823.2593
-3823.2563
-3823.2544
-3823.2507
-3823.25
-3823.2432
-3823.2422
-3823.24
-3823.2388
-3823.2368
-3823.2363
-3823.235
-3823.2334
-3823.233
-3823.23
-3823.228
-3823.224
-3823.2227
-3823.2212
-3823.2168
-3823.216
-3823.2158
-3823.2114
-3823.2092
-3823.2056
-3823.2012
-3823.1973
-3823.1956
-3823.1938
-3823.1934
-3823.192
-3823.1816
-3823.1812
-3823.1787
-3823.1763
-3823.1755
-3823.167
-3823.1665
-3823.164
-3823.1602
-3823.1582
-3823.1545
-3823.1543
-3823.1514
-3823.1492
-3823.147
-3823.144
-3823.1423
-3823.1372
-3823.1353
-3823.1338
-3823.13
-3823.129
-3823.1282
-3823.125
-3823.1213
-3823.121
-3823.116
-3823.1055
-3823.1033
-3823.0955
-3823.0898
-3823.0864
-3823.0864
-3823.0837
-3823.0713
-3823.0713
-3823.0693
-3823.0674
-3823.0632
-3823.0537
-3823.0474
-3823.0466
-3823.041
-3823.0354
-3823.0352
-3823.0317
-3823.0303
-3823.0303
-3823.0303
-3823.0247
-3823.0232
-3823.0225
-3823.0205
-3823.0198
-3823.0117
-3823.0103
-3823.0068
-3823.0059
-3823.0051
-3823.0024
-3822.999
-3822.9873
-3822.9866
-3822.9844
-3822.9824
-3822.9722
-3822.9692
-3822.966
-3822.9631
-3822.9604
-3822.96
-3822.959
-3822.957
-3822.9531
-3822.95
-3822.9412
-3822.94
-3822.9395
-3822.9392
-3822.9387
-3822.9382
-3822.9382
-3822.9343
-3822.932
-3822.9238
-3822.9163
-3822.9106
-3822.9102
-3822.8984
-3822.894
-3822.8936
-3822.8867
-3822.8857
-3822.8838
-3822.8726
-3822.858
-3822.85
-3822.848
-3822.8452
-3822.8447
-3822.8442
-3822.8352
-3822.83
-3822.8218
-3822.818
-3822.816
-3822.8152
-3822.811
-3822.802
-3822.8003
-3822.7944
-3822.7856
-3822.7837
-3822.7827
-3822.7803
-3822.7798
-3822.7776
-3822.7769
-3822.7751
-3822.774
-3822.7715
-3822.76
-3822.7551
-3822.7485
-3822.7437
-3822.7402
-3822.7346
-3822.7332
-3822.7317
-3822.7312
-3822.7246
-3822.7188
-3822.7168
-3822.6875
-3822.6848
-3822.6846
-3822.676
-3822.676
-3822.6758
-3822.6707
-3822.67
-3822.6628
-3822.662
-3822.658
-3822.6577
-3822.6543
-3822.6528
-3822.6392
-3822.6357
-3822.627
-3822.6216
-3822.6135
-3822.6113
-3822.6099
-3822.6077
-3822.6028
-3822.6008
-3822.5923
-3822.5903
-3822.5833
-3822.5808
-3822.579
-3822.5789
-3822.575
-3822.575
-3822.5728
-3822.5657
-3822.5637
-3822.5623
-3822.5598
-3822.559
-3822.554
-3822.5527
-3822.5454
-3822.5413
-3822.5393
-3822.5317
-3822.5295
-3822.5264
-3822.5261
-3822.5227
-3822.5205
-3822.5154
-3822.505
-3822.5005
-3822.4966
-3822.4946
-3822.4834
-3822.482
-3822.4805
-3822.4744
-3822.4731
-3822.4695
-3822.4673
-3822.452
-3822.4473
-3822.4387
-3822.437
-3822.4363
-3822.4314
-3822.423
-3822.4219
-3822.4216
-3822.4197
-3822.4194
-3822.4126
-3822.411
-3822.409
-3822.407
-3822.4006
-3822.4001
-3822.3877
-3822.3772
-3822.3752
-3822.3752
-3822.3733
-3822.3708
-3822.3564
-3822.356
-3822.3499
-3822.348
-3822.347
-3822.3467
-3822.343
-3822.3325
-3822.3286
-3822.3267
-3822.3264
-3822.3252
-3822.3247
-3822.3215
-3822.3164
-3822.3086
-3822.304
-3822.3008
-3822.298
-3822.2922
-3822.2817
-3822.2817
-3822.2788
-3822.272
-3822.2715
-3822.2673
-3822.2644
-3822.264
-3822.2593
-3822.2544
-3822.252
-3822.2512
-3822.2505
-3822.2432
-3822.2407
-3822.2378
-3822.2363
-3822.2346
-3822.23
-3822.229
-3822.226
-3822.2256
-3822.2231
-3822.219
-3822.2168
-3822.213
-3822.2114
-3822.2104
-3822.2068
-3822.197
-3822.1846
-3822.1836
-3822.1758
-3822.173
-3822.165
-3822.163
-3822.1597
-3822.1592
-3822.1538
-3822.1477
-3822.1445
-3822.1433
-3822.1414
-3822.1372
-3822.134
-3822.1257
-3822.125
-3822.1226
-3822.1191
-3822.1187
-3822.1108
-3822.1074
-3822.102
-3822.099
-3822.0938
-3822.0925
-3822.0908
-3822.0771
-3822.0725
-3822.0703
-3822.0671
-3822.067
-3822.0498
-3822.0417
-3822.0386
-3822.0327
-3822.031
-3822.023
-3822.0178
-3822.011
-3822.0054
-3821.995
-3821.9934
-3821.9775
-3821.976
-3821.975
-3821.9749
-3821.9746
-3821.9707
-3821.9658
-3821.965
-3821.9648
-3821.961
-3821.9438
-3821.9375
-3821.931
-3821.9243
-3821.9194
-3821.9148
-3821.9138
-3821.9111
-3821.9092
-3821.9087
-3821.9072
-3821.907
-3821.9026
-3821.8975
-3821.8965
-3821.8955
-3821.8938
-3821.8928
-3821.8909
-3821.8845
-3821.8818
-3821.8765
-3821.872
-3821.8694
-3821.8662
-3821.8628
-3821.858
-3821.85
-3821.8481
-3821.8457
-3821.8381
-3821.8352
-3821.834
-3821.8271
-3821.8245
-3821.81
-3821.807
-3821.8037
-3821.7988
-3821.7908
-3821.7903
-3821.7808
-3821.779
-3821.7708
-3821.7695
-3821.7642
-3821.7617
-3821.7566
-3821.7559
-3821.7437
-3821.7373
-3821.73
-3821.726
-3821.7236
-3821.7083
-3821.6975
-3821.6938
-3821.6863
-3821.686
-3821.6838
-3821.6782
-3821.6758
-3821.6733
-3821.6577
-3821.6443
-3821.6396
-3821.635
-3821.6208
-3821.616
-3821.613
-3821.558
-3821.5554
-3821.5508
-3821.5474
-3821.5244
-3821.5244
-3821.5222
-3821.5164
-3821.5032
-3821.491
-3821.483
-3821.4727
-3821.4617
-3821.459
-3821.4536
-3821.445
-3821.4207
-3821.417
-3821.3901
-3821.3833
-3821.3826
-3821.379
-3821.3733
-3821.3516
-3821.3472
-3821.3313
-3821.3223
-3821.3064
-3821.2947
-3821.2634
-3821.2603
-3821.2168
-3821.2148
-3821.211
-3821.2056
-3821.1423
-3821.1182
-3821.1052
-3821.0789
-3821.0747
-3821.046
-3821.0437
-3821.0361
-3821.0344
-3821.0342
-3821.0146
-3820.974
-3820.9438
-3820.9426
-3820.941
-3820.9172
-3820.8977
-3820.8918
-3820.8513
-3820.845
-3820.818
-3820.807
-3820.7808
-3820.7766
-3820.77
-3820.7434
-3820.743
-3820.7117
-3820.695
-3820.6943
-3820.6384
-3820.6216
-3820.6165
-3820.5085
-3820.466
-3820.433
-3820.429
-3820.4087
-3820.3596
-3820.3518
-3820.333
-3820.128
-3820.1216
-3820.106
-3820.0352
-3820.0256
-3819.9607
-3819.9197
-3819.8022
-3819.7983
-3819.6616
-3819.642
-3818.9001
-3817.9285
-3816.2288
