-3806.258343628343
-3806.1433368286916
-3806.044481119813
-3805.4530279222045
-3805.3591554746226
-3805.0595661055845
-3804.7786075557005
-3804.597977733585
-3804.54660487413
-3804.32715982442
-3804.275474447104
-3804.236605291578
-3804.2246371141673
-3804.0820071091625
-3804.07480580406
-3804.0601901176733
-3804.007338295929
-3803.7420429366034
-3803.705906051013
-3803.6445154244175
-3803.6098716809906
-3803.5282965192596
-3803.510550821317
-3803.3628122189634
-3803.357991304848
-3803.346861940627
-3803.3440855913077
-3803.2502903921977
-3803.2412385868365
-3803.2347166432073
-3803.207493742518
-3803.181805600656
-3803.018889657821
-3802.9665342032195
-3802.9665252152854
-3802.913676099835
-3802.9068509847284
-3802.8409790350242
-3802.7976621594585
-3802.7888075945334
-3802.705514303645
-3802.6388274338115
-3802.6379340704216
-3802.6238907215347
-3802.6168535651464
-3802.48153717041
-3802.361689167995
-3802.29663431707
-3802.2297562632493
-3802.156300242035
-3802.146289489112
-3802.131856801766
-3802.105111043831
-3802.0225889696644
-3802.0042406907683
-3801.952538028914
-3801.9024099680346
-3801.8907967756677
-3801.8890052212028
-3801.8696683886174
-3801.86670799735
-3801.8604982811994
-3801.844954878094
-3801.843279761247
-3801.8424728356586
-3801.820535186763
-3801.815202855996
-3801.7601222676312
-3801.7556108369995
-3801.6821516608943
-3801.6677412711315
-3801.6607768874364
-3801.658369021352
-3801.6392696776793
-3801.638931279955
-3801.637255106255
-3801.6165380347948
-3801.5495071496935
-3801.47587293357
-3801.471178875094
-3801.437415335445
-3801.427117923273
-3801.4221551155388
-3801.406295551133
-3801.404411702848
-3801.401659357877
-3801.395919317796
-3801.3860804154156
-3801.3843251872677
-3801.3724084310797
-3801.3679679460865
-3801.3548325693178
-3801.3400365814914
-3801.3278762001064
-3801.2946584251476
-3801.2517189926266
-3801.24491594316
-3801.196184746447
-3801.171347500529
-3801.153527749416
-3801.144615272523
-3801.140789281092
-3801.1349307967357
-3801.1302380935895
-3801.1218839898825
-3801.096905447928
-3801.067742379617
-3801.0647059900575
-3801.029398993299
-3801.029337841541
-3801.016246518592
-3800.9805442631323
-3800.9338903265416
-3800.927888414329
-3800.909360579147
-3800.894088940496
-3800.868152777669
-3800.837611921054
-3800.833536596643
-3800.8189329856905
-3800.792297778274
-3800.7854050037595
-3800.7753048453933
-3800.7740635719556
-3800.764406209554
-3800.7561290362255
-3800.753704871846
-3800.752832758675
-3800.752600195272
-3800.7401962145777
-3800.7377544015435
-3800.726952591198
-3800.7084004105927
-3800.6821988012925
-3800.6641608167965
-3800.657532022674
-3800.648479405182
-3800.647945527755
-3800.60692274634
-3800.550040442031
-3800.527414835321
-3800.4770973997347
-3800.469652520843
-3800.4602300095926
-3800.4392423220615
-3800.4151491253024
-3800.3778132976354
-3800.3568733749307
-3800.3524872942044
-3800.338644219896
-3800.3291656836095
-3800.323373003555
-3800.2687721450666
-3800.228677255993
-3800.2069450698027
-3800.205251258759
-3800.199831129201
-3800.1917588231363
-3800.1614967453042
-3800.1005281895614
-3800.100133657127
-3800.0560688665646
-3800.0441920888006
-3800.025582616741
-3800.007457779278
-3799.98092330747
-3799.9801306402956
-3799.9705060737547
-3799.938027842868
-3799.9178805777156
-3799.881598621466
-3799.8698622741804
-3799.866351721556
-3799.857596588725
-3799.824957367117
-3799.8172958840437
-3799.816198918913
-3799.8116035075736
-3799.792297876252
-3799.7915168547297
-3799.791096502157
-3799.778254864743
-3799.770590525977
-3799.7498880877574
-3799.7330634606196
-3799.7224787694486
-3799.7223097065
-3799.703711613401
-3799.6723538045085
-3799.659024779428
-3799.641520699456
-3799.6313287205494
-3799.5964900469817
-3799.524157509367
-3799.513663854767
-3799.4815194743387
-3799.4806692128177
-3799.44891787339
-3799.447338283594
-3799.440603809139
-3799.4313029370414
-3799.4297612840464
-3799.4287517532794
-3799.426408713124
-3799.425495163657
-3799.4253365166624
-3799.4242417089345
-3799.4202252284585
-3799.3993397597433
-3799.3764126709357
-3799.3719228150576
-3799.364326715424
-3799.3469884772876
-3799.344371091812
-3799.333231577014
-3799.308975427116
-3799.29262147127
-3799.2682905785423
-3799.2597368086253
-3799.2578828351798
-3799.2502948580973
-3799.247498906036
-3799.2409113742897
-3799.236044178638
-3799.231395061861
-3799.220128330766
-3799.2198195680076
-3799.212142447873
-3799.2095431720754
-3799.2095427033973
-3799.2075132135383
-3799.201385341843
-3799.185118073238
-3799.1830581454224
-3799.1708015881986
-3799.163479557872
-3799.157773913951
-3799.1565870177465
-3799.1548448402864
-3799.1486610199754
-3799.1348726478122
-3799.1343851427782
-3799.1328130841184
-3799.1295654595415
-3799.117699720347
-3799.0637181924944
-3799.04589115105
-3799.0357931111953
-3799.0164781423628
-3798.992241529125
-3798.983511171721
-3798.977997082362
-3798.977162888511
-3798.9760025752757
-3798.969181718346
-3798.959057542096
-3798.9556100778273
-3798.9518193867234
-3798.9150406809226
-3798.904786287163
-3798.899738441286
-3798.891158131075
-3798.889952240994
-3798.888337516351
-3798.8728870604164
-3798.8651111952167
-3798.841857391858
-3798.834507002975
-3798.8323890549154
-3798.8174205386754
-3798.813272735838
-3798.7869887213246
-3798.7754983089208
-3798.7644743110036
-3798.7628073128512
-3798.761693903921
-3798.7465281894606
-3798.7449486523365
-3798.7448536237544
-3798.736825208508
-3798.73002911659
-3798.7163749889633
-3798.7113311625817
-3798.7077289619365
-3798.69707273042
-3798.6938188019535
-3798.6656765320345
-3798.665618712994
-3798.6649292844286
-3798.6614336524367
-3798.6555044095658
-3798.6514390032617
-3798.647414858965
-3798.6429763691913
-3798.641041058721
-3798.636042115838
-3798.6259601963593
-3798.607727813746
-3798.6054907289317
-3798.593022147228
-3798.582366574892
-3798.5810515098965
-3798.566290750334
-3798.5609521856436
-3798.552095343327
-3798.5502142868672
-3798.531277594759
-3798.5302740572492
-3798.502455548035
-3798.4952352802075
-3798.4769144264683
-3798.474943508878
-3798.462601211159
-3798.457500104039
-3798.457360996732
-3798.4403842520187
-3798.431219107607
-3798.425527293485
-3798.4217376253428
-3798.417500496768
-3798.4121061575092
-3798.410390195769
-3798.3844007872576
-3798.3675186525215
-3798.363437390626
-3798.3581159523037
-3798.3384360841865
-3798.323739845322
-3798.3134513327577
-3798.3105676327837
-3798.306093500073
-3798.3039194968437
-3798.3027667057654
-3798.299437032554
-3798.298090086798
-3798.2959655216864
-3798.2864800577295
-3798.2785445665113
-3798.2726711508585
-3798.250744269973
-3798.2457170465564
-3798.2322345048215
-3798.2274349102754
-3798.223646401847
-3798.219918305166
-3798.2141038434884
-3798.205162763409
-3798.19538151134
-3798.1915802177227
-3798.1811311529564
-3798.1689501024557
-3798.168916005867
-3798.1685639486755
-3798.168113712767
-3798.1627795797544
-3798.154452849504
-3798.123913513627
-3798.1057869787687
-3798.091752144616
-3798.091359444493
-3798.0896902358863
-3798.085251074056
-3798.0719979778
-3798.0651857294406
-3798.057378431423
-3798.0473989389498
-3798.0375648826803
-3798.035084014099
-3798.025495790454
-3798.0135272756033
-3797.9977806266893
-3797.992216391835
-3797.986887427523
-3797.9707517771717
-3797.954357535864
-3797.9483615781437
-3797.9408592744066
-3797.921551567809
-3797.9130088335346
-3797.9054521964936
-3797.8961859568353
-3797.892193581378
-3797.89171328652
-3797.890077163047
-3797.8774340724176
-3797.87264718145
-3797.862385277302
-3797.830714135598
-3797.8210725277822
-3797.8172647701185
-3797.810457653999
-3797.804133018818
-3797.801588546707
-3797.800363714581
-3797.7958932883657
-3797.7845870285255
-3797.7599040499936
-3797.756802551951
-3797.7537990782776
-3797.7489949842256
-3797.7413004279197
-3797.741258253211
-3797.7364983873867
-3797.7299499175647
-3797.725054337299
-3797.7225373297993
-3797.7025980331205
-3797.700873726088
-3797.696341002432
-3797.6926383064433
-3797.6881837580777
-3797.675384417247
-3797.6412227264445
-3797.6403914073203
-3797.634839112831
-3797.629755981804
-3797.628924039818
-3797.6181202119596
-3797.6040071325556
-3797.5866569491627
-3797.5765297781504
-3797.575888674636
-3797.565205061574
-3797.5432816851453
-3797.5395599912863
-3797.537720171774
-3797.5235340087147
-3797.513675105931
-3797.499628886147
-3797.4919491496566
-3797.4899731264018
-3797.477375427403
-3797.472045448393
-3797.46368193393
-3797.46045422086
-3797.458888463924
-3797.451967283916
-3797.4458260940246
-3797.417246438665
-3797.4119797703897
-3797.409581048251
-3797.407675469539
-3797.373245398915
-3797.3702600176575
-3797.3662439302625
-3797.3605766519727
-3797.3567037592775
-3797.351191554363
-3797.331515566125
-3797.3224682679793
-3797.298192437764
-3797.2771323065335
-3797.272552395152
-3797.259112973133
-3797.2512855752457
-3797.247409722875
-3797.2137459462665
-3797.200367902502
-3797.1931366001763
-3797.1702112944013
-3797.161652315224
-3797.159418480634
-3797.1484093376394
-3797.144776317008
-3797.1306817331756
-3797.094784501119
-3797.0936963927516
-3797.0887497420335
-3797.078617755003
-3797.0770339524024
-3797.0344661956615
-3797.0320647944773
-3797.0275737245584
-3797.0225598661
-3797.0224055653553
-3797.0200941424864
-3797.0131506450825
-3797.0118298570237
-3797.011253340304
-3797.0048361512354
-3796.9966873815665
-3796.986093384151
-3796.985830253279
-3796.9563842922116
-3796.94162466125
-3796.9360257059407
-3796.9112998417963
-3796.9061435904764
-3796.896498985853
-3796.895867958636
-3796.893855385918
-3796.8900076649993
-3796.8898452510152
-3796.887636490964
-3796.8836779632484
-3796.8743155462535
-3796.8724131224353
-3796.865887822267
-3796.8652299925684
-3796.8599408422674
-3796.8591768728056
-3796.8572525440136
-3796.849017224268
-3796.843218247395
-3796.834375097117
-3796.8178145819666
-3796.815671314747
-3796.8064458846075
-3796.8008093797207
-3796.7985889681922
-3796.7864821263315
-3796.7698435116517
-3796.7673871865027
-3796.7646937104
-3796.7597021273086
-3796.752253321521
-3796.7439305080034
-3796.7337391835995
-3796.726960702432
-3796.721539473917
-3796.7211797771415
-3796.7134992370393
-3796.708664016677
-3796.6856822701775
-3796.670355524315
-3796.6591138739996
-3796.657801535908
-3796.646190166526
-3796.609409817661
-3796.5940180124526
-3796.5880849130544
-3796.581085286214
-3796.569822686808
-3796.569143892746
-3796.5428190347798
-3796.5413549290574
-3796.537270520536
-3796.526455850106
-3796.5213781289276
-3796.510831826772
-3796.509555256245
-3796.508336355421
-3796.5050873700993
-3796.5032313571905
-3796.502020312546
-3796.4943849569017
-3796.4604112502575
-3796.437567676781
-3796.434008966471
-3796.412897779101
-3796.411594730398
-3796.4102560495794
-3796.40215289344
-3796.3445692805435
-3796.3287775830195
-3796.327701999736
-3796.3240178598603
-3796.3218896106605
-3796.2933221173553
-3796.276355340833
-3796.27280164887
-3796.270034086003
-3796.2626049221462
-3796.250193766491
-3796.246353367832
-3796.243321743387
-3796.233354091114
-3796.202597698729
-3796.1835617931433
-3796.171125208394
-3796.1710855871006
-3796.1700861382983
-3796.166050462213
-3796.153785023448
-3796.1456986372773
-3796.1255500941834
-3796.1132631346563
-3796.1121680363676
-3796.10500257223
-3796.1021699908565
-3796.1009885545336
-3796.0947222745535
-3796.0943245324424
-3796.0849054683704
-3796.0687709864137
-3796.049668892046
-3796.044699875039
-3796.0419677965156
-3796.0391703782143
-3796.031034138803
-3796.012554515679
-3796.0001116943954
-3795.9893351834253
-3795.959874015102
-3795.9557240434588
-3795.9427657713686
-3795.9065541080263
-3795.904571292208
-3795.9019495327866
-3795.889505929141
-3795.8844714604866
-3795.8844498310355
-3795.8836557843047
-3795.8783035650513
-3795.878023709035
-3795.8779178761515
-3795.875638069426
-3795.8688799428796
-3795.868826047264
-3795.857479754341
-3795.854256591345
-3795.850379253101
-3795.8498974250265
-3795.845162581628
-3795.844654612796
-3795.829063939655
-3795.8276095649194
-3795.8226528782416
-3795.8188482436276
-3795.8123794556423
-3795.810673337333
-3795.809978036862
-3795.800612661444
-3795.7958232725714
-3795.783227792037
-3795.78269703351
-3795.7708509730314
-3795.7689520500367
-3795.7505531947704
-3795.728868523
-3795.697244767297
-3795.689196915687
-3795.682140163496
-3795.6583826133865
-3795.6512730619215
-3795.6108432018245
-3795.607947865435
-3795.606449003276
-3795.5937754253273
-3795.59278503703
-3795.592608014387
-3795.589126861894
-3795.5597069909554
-3795.5502256621266
-3795.5490113384667
-3795.5301854346526
-3795.521646153901
-3795.5189733840534
-3795.4892767415126
-3795.484436981404
-3795.469229645796
-3795.4560838117022
-3795.4443034840383
-3795.437945476624
-3795.429960853836
-3795.4123839700073
-3795.401380099676
-3795.395575541721
-3795.3916590402932
-3795.3905978804246
-3795.3861620366342
-3795.38031041073
-3795.375599715454
-3795.3652854457814
-3795.3633563421035
-3795.3577666773144
-3795.3559112602884
-3795.3481617718835
-3795.3472772236246
-3795.339601080116
-3795.3319574861466
-3795.3308394399737
-3795.3105115437374
-3795.308767218885
-3795.29543168799
-3795.2687449157916
-3795.2638406660317
-3795.25154442492
-3795.2185390938193
-3795.2184889550344
-3795.2164816542663
-3795.201470823117
-3795.1982458728567
-3795.1976696120164
-3795.1794623228398
-3795.1710439265344
-3795.169764600892
-3795.166711310493
-3795.1511665297585
-3795.1469921823727
-3795.1393442096705
-3795.1387487835045
-3795.126247881849
-3795.116286456603
-3795.1079979082597
-3795.1021488566
-3795.0950209912908
-3795.094061814112
-3795.075830916193
-3795.0736623628063
-3795.064235746542
-3795.0416684297697
-3795.024226188323
-3795.01139381527
-3794.9990073542576
-3794.9790458284874
-3794.972607976782
-3794.9454640510908
-3794.9329237079473
-3794.9179653514148
-3794.9173049392493
-3794.8562684665326
-3794.842381067823
-3794.837714014776
-3794.8350453018593
-3794.824206785681
-3794.822808890681
-3794.8179308739336
-3794.808510210981
-3794.8069105670893
-3794.806406182144
-3794.79623838291
-3794.749302942606
-3794.7398933611694
-3794.7371435758005
-3794.724461710438
-3794.7224533979133
-3794.7213670226656
-3794.7166222811393
-3794.6998929499946
-3794.697608140551
-3794.64814256357
-3794.6441576363654
-3794.6266399057795
-3794.611632464883
-3794.6029067284903
-3794.599112676002
-3794.5912274943767
-3794.590268423164
-3794.588474746289
-3794.5772918021275
-3794.5646334853845
-3794.5625441324264
-3794.555978517484
-3794.552549505146
-3794.5421045002513
-3794.5277115410554
-3794.5264181463162
-3794.5014147599095
-3794.500143763137
-3794.499860897019
-3794.47299856068
-3794.461513482319
-3794.453629623342
-3794.4444884525797
-3794.4423640638443
-3794.4314900303516
-3794.4216184122206
-3794.413824110553
-3794.406693174223
-3794.397542900071
-3794.3949375738
-3794.386751434135
-3794.379359619097
-3794.3567265647675
-3794.3547731047315
-3794.3524046974844
-3794.3510490560448
-3794.332378825997
-3794.3160921485132
-3794.312379157925
-3794.312234075884
-3794.2982599119164
-3794.293890054113
-3794.279910158849
-3794.275497584249
-3794.260753063856
-3794.2313108909575
-3794.2190468550316
-3794.1935768051353
-3794.1923569164574
-3794.1902005287866
-3794.1870122679175
-3794.1395935337837
-3794.1130252550406
-3794.1018781209505
-3794.092049195818
-3794.0908015407595
-3794.088517613476
-3794.0853986957427
-3794.068933650583
-3794.0585258421693
-3794.05407376693
-3794.049591164999
-3794.045232567192
-3794.029446261614
-3794.024057137158
-3794.0137202863457
-3794.0061099197915
-3793.9974566422698
-3793.985035453178
-3793.979543740181
-3793.9732867952075
-3793.9391604666307
-3793.9242088324936
-3793.91986971619
-3793.9190063145725
-3793.9177719356085
-3793.9014430814586
-3793.901046504958
-3793.877695627377
-3793.8598207922214
-3793.851683418561
-3793.8412642408603
-3793.7964590549377
-3793.796232161265
-3793.777198761396
-3793.775117790731
-3793.769545337541
-3793.763436960975
-3793.746606067053
-3793.727429255413
-3793.702888182316
-3793.677735314842
-3793.6629946661105
-3793.576370488141
-3793.576339812518
-3793.5749200991604
-3793.563461341513
-3793.530940243608
-3793.5296551550628
-3793.513823769583
-3793.509744247523
-3793.4983434647093
-3793.477715897633
-3793.4751346735334
-3793.4718663465255
-3793.467268707196
-3793.461665537079
-3793.433248146701
-3793.41220001191
-3793.389294958388
-3793.3639857100434
-3793.3471034452214
-3793.3429685771994
-3793.3350520553213
-3793.3260664773225
-3793.3237126612157
-3793.3149305858224
-3793.3100617255254
-3793.3046050709895
-3793.2864270766686
-3793.2767914118713
-3793.2612763104
-3793.2489832644733
-3793.246088488504
-3793.241550541662
-3793.1943933596244
-3793.1886603026305
-3793.173713517078
-3793.163977248737
-3793.1519039108407
-3793.1400093035527
-3793.1253036953613
-3793.120595505488
-3793.112294673315
-3793.103748580522
-3793.099489300677
-3793.055770461812
-3793.0257170124746
-3793.00713471008
-3793.002109427255
-3792.995861431723
-3792.993604800018
-3792.9761499400934
-3792.960605457716
-3792.949679299781
-3792.919546256346
-3792.900490746817
-3792.89884365139
-3792.895730889679
-3792.892594183759
-3792.8914225466137
-3792.8509830407365
-3792.842951806966
-3792.840556067497
-3792.833382429116
-3792.830081485719
-3792.7660303406024
-3792.7533935470756
-3792.7159489499227
-3792.703969715923
-3792.6850253786843
-3792.6827941395222
-3792.674657772826
-3792.6327052382485
-3792.630611935624
-3792.600564630584
-3792.5962642552395
-3792.578194419075
-3792.561885213071
-3792.5364176452103
-3792.513467102788
-3792.4936238394357
-3792.4936080635543
-3792.4753199573615
-3792.4591811214336
-3792.4434463957386
-3792.42869006767
-3792.4107961226746
-3792.386286371802
-3792.3301963075587
-3792.2911307905115
-3792.2808194787785
-3792.280676241496
-3792.263539460442
-3792.2577175197966
-3792.2358484443516
-3792.228971021035
-3792.168286395912
-3792.141506537497
-3792.1180542742622
-3792.0411040041486
-3792.030448603274
-3792.010279917268
-3792.0022939468518
-3792.0021082358508
-3791.9798883921176
-3791.9668391587606
-3791.9633586119057
-3791.9470889950526
-3791.9314771536783
-3791.9173988033335
-3791.9154950563407
-3791.891703362968
-3791.8231735243166
-3791.8142995594553
-3791.795373318465
-3791.7869824820345
-3791.73202875062
-3791.706832290087
-3791.6639352279117
-3791.661124093063
-3791.6500399124207
-3791.6454871596757
-3791.58663444454
-3791.568572072502
-3791.5674507870945
-3791.5346764836304
-3791.5230088134313
-3791.5102471802875
-3791.4736885338407
-3791.435943040926
-3791.3836854999226
-3791.373791950222
-3791.3175496174217
-3791.2934651418004
-3791.247989839558
-3791.2133473011836
-3791.1874521554023
-3791.1497339758785
-3791.125725854058
-3791.1224460268495
-3791.032904532746
-3791.017391859667
-3791.0143026614355
-3790.967501270822
-3790.9476532318977
-3790.9039553176044
-3790.828325521392
-3790.8175656311805
-3790.778517555623
-3790.7455149023504
-3790.7325454093357
-3790.670441925561
-3790.624287304353
-3790.6148356858707
-3790.5774975410695
-3790.5497135002925
-3790.536403004622
-3790.307919587302
-3790.285919581667
-3790.132519554422
-3790.1215442314656
-3790.0590080102493
-3789.9800933141482
-3789.925413081233
-3789.8998193887355
-3789.850074549196
-3789.795530967632
-3789.7173149061546
-3789.691023714629
-3789.6020331417412
-3789.5469998853832
-3789.4792864821443
-3789.3568837961575
-3789.252153145442
-3789.2279077121584
-3789.2094445871903
-3789.039406160457
-3789.0262648356247
-3789.0240570106716
-3789.010176977291
-3788.949558703605
-3788.9180538477067
-3788.8860902774377
-3788.833316527564
-3788.8177794387993
-3788.7805864372067
-3788.778972704615
-3788.7072035198316
-3788.6273207312524
-3788.5976935601934
-3788.5402135949744
-3788.400466305504
-3787.638322536047
-3787.548177005896
-3787.511943935493
-3787.4290103078483
-3787.338712598067
-3787.012251504597
-3786.7597596542214
-3784.1885946876614
-3782.238025045705
