-3823.9717
-3823.664
-3823.6372
-3823.6265
-3823.582
-3823.3506
-3823.273
-3823.0251
-3822.9832
-3822.959
-3822.9373
-3822.7388
-3822.7358
-3822.7332
-3822.729
-3822.621
-3822.567
-3822.565
-3822.553
-3822.533
-3822.5242
-3822.5154
-3822.5105
-3822.5103
-3822.4512
-3822.4187
-3822.4177
-3822.4133
-3822.3982
-3822.3743
-3822.3674
-3822.3286
-3822.3247
-3822.2666
-3822.265
-3822.2478
-3822.2334
-3822.2314
-3822.1938
-3822.193
-3822.1882
-3822.1833
-3822.1812
-3822.177
-3822.1238
-3822.1238
-3822.0981
-3822.097
-3822.0857
-3822.0776
-3822.0603
-3822.0437
-3822.036
-3822.0322
-3822.0269
-3822.0186
-3821.9998
-3821.999
-3821.9958
-3821.9946
-3821.993
-3821.98
-3821.9739
-3821.9648
-3821.96
-3821.96
-3821.9377
-3821.922
-3821.9158
-3821.8638
-3821.854
-3821.845
-3821.8438
-3821.8364
-3821.8293
-3821.8142
-3821.8032
-3821.8022
-3821.7974
-3821.7898
-3821.7798
-3821.776
-3821.774
-3821.7612
-3821.7476
-3821.726
-3821.7144
-3821.713
-3821.7122
-3821.7112
-3821.692
-3821.691
-3821.6904
-3821.6758
-3821.6523
-3821.6514
-3821.6147
-3821.6135
-3821.6072
-3821.601
-3821.5977
-3821.5977
-3821.5906
-3821.586
-3821.5774
-3821.5723
-3821.5657
-3821.5605
-3821.5518
-3821.549
-3821.528
-3821.5276
-3821.5232
-3821.4834
-3821.4814
-3821.4749
-3821.4744
-3821.4722
-3821.4614
-3821.4556
-3821.4553
-3821.45
-3821.447
-3821.4395
-3821.4343
-3821.4268
-3821.4175
-3821.4119
-3821.4102
-3821.3848
-3821.3845
-3821.3816
-3821.364
-3821.357
-3821.3525
-3821.348
-3821.3447
-3821.3357
-3821.3306
-3821.3276
-3821.3254
-3821.3135
-3821.3079
-3821.3057
-3821.3047
-3821.289
-3821.284
-3821.2585
-3821.256
-3821.2507
-3821.2488
-3821.2466
-3821.2466
-3821.2388
-3821.233
-3821.2153
-3821.2117
-3821.1965
-3821.1943
-3821.187
-3821.1584
-3821.1433
-3821.1384
-3821.1333
-3821.1233
-3821.1228
-3821.0977
-3821.0964
-3821.0952
-3821.0889
-3821.0874
-3821.0764
-3821.0754
-3821.0676
-3821.0635
-3821.0525
-3821.0483
-3821.0354
-3821.0354
-3821.0325
-3821.0283
-3821.0166
-3821.0144
-3821.0059
-3821.0059
-3820.9907
-3820.9841
-3820.984
-3820.9785
-3820.9758
-3820.9663
-3820.965
-3820.9648
-3820.953
-3820.9346
-3820.9324
-3820.9312
-3820.9297
-3820.925
-3820.9187
-3820.913
-3820.9126
-3820.9106
-3820.9106
-3820.9102
-3820.9075
-3820.9062
-3820.899
-3820.8987
-3820.8933
-3820.8906
-3820.8801
-3820.8784
-3820.8762
-3820.876
-3820.875
-3820.8726
-3820.8667
-3820.8633
-3820.8618
-3820.8513
-3820.8403
-3820.8389
-3820.8386
-3820.8337
-3820.833
-3820.8308
-3820.83
-3820.8281
-3820.8223
-3820.8218
-3820.817
-3820.8154
-3820.815
-3820.8057
-3820.805
-3820.802
-3820.7954
-3820.79
-3820.7803
-3820.7651
-3820.7578
-3820.7554
-3820.7488
-3820.7456
-3820.7427
-3820.7178
-3820.7095
-3820.7073
-3820.7021
-3820.6997
-3820.6758
-3820.6733
-3820.6729
-3820.6714
-3820.6704
-3820.6677
-3820.6584
-3820.6543
-3820.6533
-3820.6523
-3820.6519
-3820.6487
-3820.6472
-3820.6445
-3820.6375
-3820.6353
-3820.627
-3820.627
-3820.6099
-3820.6082
-3820.5972
-3820.5952
-3820.594
-3820.594
-3820.585
-3820.5806
-3820.5776
-3820.577
-3820.571
-3820.5703
-3820.5679
-3820.5635
-3820.5603
-3820.5552
-3820.5522
-3820.5383
-3820.5342
-3820.5298
-3820.5232
-3820.5225
-3820.5166
-3820.5132
-3820.5095
-3820.505
-3820.4866
-3820.4766
-3820.459
-3820.4526
-3820.4524
-3820.4512
-3820.4497
-3820.4302
-3820.4187
-3820.417
-3820.406
-3820.4036
-3820.3872
-3820.387
-3820.3865
-3820.384
-3820.3645
-3820.3574
-3820.3562
-3820.3513
-3820.3496
-3820.3428
-3820.3408
-3820.3345
-3820.3303
-3820.3103
-3820.3035
-3820.2966
-3820.2932
-3820.2852
-3820.2852
-3820.2688
-3820.2676
-3820.2654
-3820.2578
-3820.2554
-3820.2512
-3820.2375
-3820.237
-3820.2368
-3820.2349
-3820.2349
-3820.2117
-3820.2034
-3820.192
-3820.1914
-3820.175
-3820.172
-3820.1685
-3820.1685
-3820.168
-3820.1638
-3820.1533
-3820.1494
-3820.1462
-3820.1448
-3820.1362
-3820.129
-3820.124
-3820.1235
-3820.1226
-3820.1077
-3820.105
-3820.0996
-3820.0903
-3820.0842
-3820.0806
-3820.0771
-3820.0684
-3820.0684
-3820.066
-3820.062
-3820.062
-3820.0557
-3820.055
-3820.0518
-3820.051
-3820.0488
-3820.042
-3820.0417
-3820.041
-3820.0354
-3820.0337
-3820.0327
-3820.0322
-3820.0247
-3820.0178
-3820.006
-3819.9963
-3819.9927
-3819.988
-3819.985
-3819.9824
-3819.981
-3819.9644
-3819.9521
-3819.9473
-3819.9407
-3819.9375
-3819.9302
-3819.9124
-3819.9116
-3819.8953
-3819.8901
-3819.8877
-3819.8801
-3819.876
-3819.8599
-3819.8582
-3819.8572
-3819.848
-3819.8442
-3819.8403
-3819.8303
-3819.8232
-3819.8135
-3819.813
-3819.8108
-3819.8047
-3819.7993
-3819.7905
-3819.7893
-3819.7827
-3819.7793
-3819.774
-3819.7712
-3819.7617
-3819.7476
-3819.7441
-3819.7422
-3819.7253
-3819.71
-3819.705
-3819.7021
-3819.6833
-3819.6755
-3819.6594
-3819.6562
-3819.641
-3819.6377
-3819.6323
-3819.626
-3819.6108
-3819.6108
-3819.5957
-3819.5955
-3819.5952
-3819.5881
-3819.5833
-3819.5833
-3819.5784
-3819.576
-3819.5645
-3819.5547
-3819.5361
-3819.5354
-3819.526
-3819.5166
-3819.5078
-3819.5076
-3819.5068
-3819.5056
-3819.498
-3819.4868
-3819.4634
-3819.456
-3819.4495
-3819.4429
-3819.435
-3819.4204
-3819.4124
-3819.4087
-3819.4045
-3819.3984
-3819.3896
-3819.3826
-3819.38
-3819.3684
-3819.3677
-3819.366
-3819.3591
-3819.3528
-3819.3481
-3819.343
-3819.3376
-3819.3245
-3819.311
-3819.2969
-3819.294
-3819.294
-3819.2852
-3819.2847
-3819.278
-3819.2747
-3819.2747
-3819.265
-3819.2573
-3819.249
-3819.2446
-3819.241
-3819.2368
-3819.234
-3819.2297
-3819.168
-3819.1672
-3819.1665
-3819.1624
-3819.1545
-3819.1526
-3819.135
-3819.134
-3819.108
-3819.1028
-3819.1003
-3819.0945
-3819.0762
-3819.075
-3819.0715
-3819.0647
-3819.0635
-3819.0625
-3819.0464
-3819.0454
-3819.0427
-3819.0269
-3818.9749
-3818.9617
-3818.9512
-3818.9424
-3818.9421
-3818.9375
-3818.9253
-3818.9204
-3818.919
-3818.8933
-3818.8892
-3818.884
-3818.8733
-3818.8672
-3818.861
-3818.8545
-3818.8508
-3818.849
-3818.8262
-3818.8237
-3818.8215
-3818.8027
-3818.7922
-3818.7922
-3818.7861
-3818.7856
-3818.7607
-3818.747
-3818.7344
-3818.73
-3818.7258
-3818.7244
-3818.7153
-3818.6978
-3818.6904
-3818.6858
-3818.6838
-3818.6516
-3818.6384
-3818.6343
-3818.6191
-3818.6077
-3818.6025
-3818.581
-3818.573
-3818.5725
-3818.5603
-3818.555
-3818.5532
-3818.5342
-3818.532
-3818.5315
-3818.521
-3818.5164
-3818.5117
-3818.4795
-3818.4573
-3818.4548
-3818.4382
-3818.437
-3818.436
-3818.4333
-3818.4292
-3818.4214
-3818.3965
-3818.368
-3818.3623
-3818.3577
-3818.3406
-3818.3367
-3818.3066
-3818.2769
-3818.2693
-3818.2393
-3818.1812
-3818.1738
-3818.1655
-3818.1477
-3818.1243
-3818.1125
-3818.1118
-3818.105
-3818.102
-3818.101
-3818.1003
-3818.0747
-3818.066
-3818.046
-3818.0454
-3818.0403
-3818.0366
-3818.0286
-3818.0142
-3817.998
-3817.9937
-3817.9858
-3817.9758
-3817.9563
-3817.9448
-3817.9314
-3817.9202
-3817.9165
-3817.9043
-3817.8943
-3817.8699
-3817.8643
-3817.849
-3817.8403
-3817.835
-3817.8123
-3817.7974
-3817.774
-3817.7686
-3817.7515
-3817.7368
-3817.716
-3817.708
-3817.688
-3817.683
-3817.6765
-3817.6738
-3817.67
-3817.666
-3817.6567
-3817.652
-3817.6497
-3817.635
-3817.6335
-3817.6265
-3817.611
-3817.6038
-3817.5515
-3817.5076
-3817.4797
-3817.4792
-3817.451
-3817.4497
-3817.4194
-3817.4116
-3817.4043
-3817.3936
-3817.3584
-3817.323
-3817.3176
-3817.3162
-3817.3135
-3817.2935
-3817.2808
-3817.2717
-3817.267
-3817.2598
-3817.2192
-3817.2124
-3817.2048
-3817.2031
-3817.1997
-3817.1978
-3817.19
-3817.1714
-3817.1477
-3817.1316
-3817.1294
-3817.1194
-3817.118
-3817.0923
-3817.0913
-3817.089
-3817.0845
-3817.07
-3817.0444
-3817.04
-3817.034
-3817.0334
-3817.01
-3817.0076
-3816.9768
-3816.963
-3816.9568
-3816.9248
-3816.884
-3816.8745
-3816.8613
-3816.8232
-3816.8118
-3816.7627
-3816.7258
-3816.6433
-3816.6426
-3816.6367
-3816.6182
-3816.6133
-3816.6104
-3816.579
-3816.5708
-3816.5361
-3816.515
-3816.4873
-3816.47
-3816.46
-3816.429
-3816.4253
-3816.4214
-3816.386
-3816.3835
-3816.3708
-3816.3477
-3816.331
-3816.318
-3816.2966
-3816.2715
-3816.2593
-3816.2588
-3816.2556
-3816.2498
-3816.2227
-3816.126
-3816.089
-3816.042
-3815.914
-3815.9126
-3815.8467
-3815.8433
-3815.7744
-3815.7517
-3815.734
-3815.7231
-3815.7183
-3815.7085
-3815.687
-3815.6628
-3815.5854
-3815.5068
-3815.462
-3815.4436
-3815.438
-3815.417
-3815.4028
-3815.3772
-3815.3425
-3815.3105
-3815.3086
-3815.261
-3815.2446
-3815.2437
-3815.2395
-3815.199
-3815.136
-3815.0906
-3815.0825
-3815.0361
-3815.0327
-3815.004
-3814.9812
-3814.9795
-3814.9622
-3814.956
-3814.8862
-3814.8647
-3814.846
-3814.8398
-3814.8245
-3814.8088
-3814.7344
-3814.6719
-3814.6667
-3814.6484
-3814.5752
-3814.558
-3814.499
-3814.4773
-3814.47
-3814.434
-3814.408
-3814.402
-3814.3726
-3814.3591
-3814.3447
-3814.3123
-3814.2734
-3814.253
-3814.2349
-3814.134
-3814.1199
-3814.078
-3814.0615
-3814.0557
-3814.0354
-3813.954
-3813.9033
-3813.8994
-3813.892
-3813.8706
-3813.8394
-3813.8247
-3813.7944
-3813.755
-3813.7498
-3813.6917
-3813.6775
-3813.6306
-3813.6157
-3813.5864
-3813.5757
-3813.444
-3813.4287
-3813.4272
-3813.2324
-3813.223
-3813.2227
-3813.1108
-3813.0645
-3813.05
-3813.0286
-3813.0078
-3812.9072
-3812.8962
-3812.8745
-3812.842
-3812.8137
-3812.7856
-3812.725
-3812.705
-3812.7046
-3812.677
-3812.626
-3812.5786
-3812.52
-3812.5088
-3812.4243
-3812.414
-3812.4116
-3812.4019
-3812.1914
-3812.116
-3812.0347
-3811.9385
-3811.9045
-3811.8806
-3811.857
-3811.7878
-3811.6965
-3811.671
-3811.641
-3811.6382
-3811.5977
-3811.574
-3811.5203
-3811.4768
-3811.4702
-3811.443
-3811.421
-3811.413
-3811.39
-3811.3809
-3811.362
-3811.1643
-3811.1357
-3811.1292
-3811.12
-3810.87
-3810.8418
-3810.773
-3810.6929
-3810.6348
-3810.5295
-3810.5164
-3810.5005
-3810.3328
-3810.2766
-3810.2412
-3810.1301
-3810.0679
-3809.8962
-3809.8604
-3809.8506
-3809.8433
-3809.8337
-3809.8298
-3809.8218
-3809.5923
-3809.563
-3809.5461
-3809.509
-3809.2786
-3809.2695
-3809.1523
-3808.9695
-3808.8562
-3808.853
-3808.8174
-3808.628
-3808.619
-3808.6038
-3808.5342
-3808.41
-3808.2534
-3808.235
-3808.0193
-3807.8748
-3807.865
-3807.7688
-3807.4436
-3807.284
-3807.2559
-3807.1929
-3807.1433
-3807.0647
-3807.029
-3806.9097
-3806.7664
-3806.7297
-3806.7065
-3806.6724
-3806.5498
-3806.5442
-3806.2883
-3806.2659
-3806.0217
-3806.016
-3805.9434
-3805.9321
-3805.7856
-3805.7688
-3805.6948
-3805.6792
-3805.6602
-3805.5195
-3805.5073
-3805.385
-3805.329
-3805.2979
-3805.2231
-3805.1692
-3805.0186
-3804.9983
-3804.6719
-3804.4685
-3804.296
-3804.2812
-3804.2732
-3804.0752
-3803.9634
-3803.844
-3803.7822
-3803.7773
-3803.7463
-3803.6606
-3803.6152
-3803.4685
-3803.439
-3803.2097
-3803.0906
-3803.067
-3803.0144
-3802.9373
-3802.9214
-3802.7937
-3802.6921
-3802.6917
-3802.591
-3802.3057
-3802.2883
-3802.2358
-3802.096
-3802.0618
-3801.8662
-3801.7493
-3801.6409
-3801.6401
-3801.525
-3801.4038
-3801.3606
-3801.2742
-3800.866
-3800.8245
-3800.8108
-3800.7598
-3800.6934
-3800.4336
-3800.416
-3800.3894
-3800.385
-3800.34
-3799.913
-3799.8425
-3799.7834
-3799.7764
-3799.6416
-3799.269
-3799.06
-3798.9727
-3798.6113
-3798.3616
-3798.3257
-3798.1003
-3797.7341
-3797.484
-3797.4333
-3797.0488
-3796.095
-3795.861
-3794.9214
-3794.7769
-3794.3184
