instance,size,density,sa_energy,cplex_energy,velox_energy,gap_cplex,gap_sa,runtime_velox,runtime_sa,runtime_cplex
random3BodyIsing_L=100_1.h5,198,0.025048464442403835,-384.69113,-389.385,-384.2395,1.3214447,0.11740058,0.014186775,0.132926809,0.125484175
random3BodyIsing_L=100_10.h5,198,0.025048464442403835,-396.7123,-401.5751,-399.41205,0.5386428,-0.6805278,0.014061468,0.081600721,0.049099311
random3BodyIsing_L=100_2.h5,198,0.025048464442403835,-407.1629,-416.55743,-415.82178,0.17660391,-2.1266363,0.01416691,0.095412663,0.065708498
random3BodyIsing_L=100_3.h5,198,0.025048464442403835,-374.46884,-375.46597,-374.04205,0.37924066,0.11397165,0.013880516,0.076530248,0.068866473
random3BodyIsing_L=100_4.h5,198,0.025048464442403835,-417.73773,-421.15707,-416.46527,1.1140268,0.3046076,0.014105884,0.085423208,0.056591389
random3BodyIsing_L=100_5.h5,198,0.025048464442403835,-392.12704,-393.70532,-389.73694,1.0079578,0.6095234,0.014161944,0.095720369,0.147722134
random3BodyIsing_L=100_6.h5,198,0.025048464442403835,-376.11932,-377.41095,-375.0968,0.61316395,0.27186108,0.014602912,0.080858985,0.042213905
random3BodyIsing_L=100_7.h5,198,0.025048464442403835,-360.65698,-364.38748,-360.8737,0.96430147,-0.060086265,0.014115727,0.083873687,0.079791786
random3BodyIsing_L=100_8.h5,198,0.025048464442403835,-437.04074,-441.8759,-437.70673,0.9435136,-0.15238513,0.01674992,0.087151488,0.112340756
random3BodyIsing_L=100_9.h5,198,0.025048464442403835,-376.2172,-379.72958,-378.57477,0.3041153,-0.6266525,0.014331372,0.091288673,0.182251221
random3BodyIsing_L=156_1.h5,310,0.016045785639958378,-613.1673,-622.6521,-616.5879,0.97393215,-0.55785644,0.016993324,0.13534853,0.063705304
random3BodyIsing_L=156_10.h5,310,0.016045785639958378,-581.6909,-582.01935,-581.0497,0.16660365,0.110236436,0.014072301,1.513565283,0.070767041
random3BodyIsing_L=156_2.h5,310,0.016045785639958378,-587.52985,-605.6964,-600.2226,0.90372276,-2.1603582,0.014323756,0.126845889,0.074790486
random3BodyIsing_L=156_3.h5,310,0.016045785639958378,-630.40717,-631.30347,-625.0758,0.9864766,0.84570104,0.014511836,1.509048691,0.059450224
random3BodyIsing_L=156_4.h5,310,0.016045785639958378,-574.4905,-575.61743,-566.13745,1.6469238,1.4539888,0.017477355,1.501041693,0.086969699
random3BodyIsing_L=156_5.h5,310,0.016045785639958378,-607.1347,-607.5189,-602.8329,0.7713398,0.7085444,0.031399771,1.512787183,0.089435261
random3BodyIsing_L=156_6.h5,310,0.016045785639958378,-627.8011,-627.8011,-615.3746,1.9793712,1.9793712,0.014215471,1.49621419,0.055922174
random3BodyIsing_L=156_7.h5,310,0.016045785639958378,-642.0776,-642.661,-637.0622,0.87119275,0.78111756,0.01355103,1.497502455,0.057446264
random3BodyIsing_L=156_8.h5,310,0.016045785639958378,-602.17584,-602.57544,-596.70166,0.9747791,0.90906703,0.017386077,1.512282626,0.073552307
random3BodyIsing_L=156_9.h5,310,0.016045785639958378,-638.4349,-639.2657,-631.7678,1.172887,1.0442808,0.013075021,1.487834746,0.058029374
random3BodyIsing_L=433_1.h5,864,0.005776320301783265,-1687.9453,-1695.6617,-1675.5554,1.1857508,0.73402214,0.017627636,3.961976134,0.209223561
random3BodyIsing_L=433_10.h5,864,0.005776320301783265,-1700.3716,-1708.965,-1676.5863,1.8946359,1.3988283,0.013498126,3.96415835,0.289217589
random3BodyIsing_L=433_2.h5,864,0.005776320301783265,-1748.1746,-1754.1554,-1727.8132,1.5017006,1.1647193,0.016450169,3.966004334,0.227544515
random3BodyIsing_L=433_3.h5,864,0.005776320301783265,-1695.9587,-1700.7231,-1671.6582,1.7089754,1.4328495,0.014268192,3.967107164,0.262837403
random3BodyIsing_L=433_4.h5,864,0.005776320301783265,-1756.1624,-1764.3707,-1727.4928,2.0901463,1.6325116,0.014365046,3.950723136,0.220619444
random3BodyIsing_L=433_5.h5,864,0.005776320301783265,-1737.091,-1745.6544,-1719.7639,1.4831402,0.9974738,0.015566177,3.942656732,0.240288587
random3BodyIsing_L=433_6.h5,864,0.005776320301783265,-1704.0669,-1708.0293,-1679.6887,1.6592559,1.4305879,0.017718028,3.961361285,0.21541994
random3BodyIsing_L=433_7.h5,864,0.005776320301783265,-1762.9265,-1771.2554,-1744.727,1.497713,1.0323437,0.025600104,3.965723301,0.207739633
random3BodyIsing_L=433_8.h5,864,0.005776320301783265,-1750.895,-1758.7014,-1721.213,2.1315956,1.6952478,0.013291164,3.972537178,0.218520467
random3BodyIsing_L=433_9.h5,864,0.005776320301783265,-1673.2852,-1680.9213,-1643.7915,2.2088935,1.7626196,0.018545282,3.947485985,0.200801441
random3BodyIsing_L=1000_1.h5,1998,0.0025004984964944925,-4038.5022,-4070.9668,-3989.915,1.9909707,1.2030984,0.013505015,10.333824208,0.83179193
random3BodyIsing_L=1000_10.h5,1998,0.0025004984964944925,-3890.6816,-3917.851,-3828.35,2.2844405,1.6020726,0.014707321,8.819587834,0.829319404
random3BodyIsing_L=1000_2.h5,1998,0.0025004984964944925,-3915.377,-3945.8547,-3864.979,2.0496378,1.28718,0.014057907,8.809271974,0.875247305
random3BodyIsing_L=1000_3.h5,1998,0.0025004984964944925,-3879.1865,-3907.4006,-3826.9749,2.0582936,1.3459438,0.019513079,8.821195886,0.861239616
random3BodyIsing_L=1000_4.h5,1998,0.0025004984964944925,-3930.9229,-3963.1543,-3877.4692,2.162042,1.3598236,0.013606023,8.780778359,0.900094983
random3BodyIsing_L=1000_5.h5,1998,0.0025004984964944925,-3928.0486,-3958.7527,-3877.439,2.0540237,1.2884164,0.013875886,8.815391895,0.880469697
random3BodyIsing_L=1000_6.h5,1998,0.0025004984964944925,-3991.6602,-4021.3296,-3941.2505,1.9913588,1.2628747,0.014462057,8.780192,0.92318289
random3BodyIsing_L=1000_7.h5,1998,0.0025004984964944925,-3912.9214,-3941.4114,-3870.239,1.8057582,1.0908058,0.013834409,8.801160239,0.804896597
random3BodyIsing_L=1000_8.h5,1998,0.0025004984964944925,-4066.8882,-4100.823,-4015.1855,2.088305,1.2713071,0.019199081,8.776197611,0.922543399
random3BodyIsing_L=1000_9.h5,1998,0.0025004984964944925,-3913.118,-3947.9434,-3869.335,1.9911227,1.1188766,0.016022418,8.813002055,0.811878496
random3BodyIsing_L=10000_1.h5,19998,0.00025000499849964995,-39397.242,-39839.953,-38899.746,2.3599603,1.2627689,0.021467975,104.998102472,18.599604598
random3BodyIsing_L=10000_10.h5,19998,0.00025000499849964995,-39134.17,-39586.125,-38644.742,2.3780625,1.2506453,0.019517696,104.919883156,18.579895527
random3BodyIsing_L=10000_2.h5,19998,0.00025000499849964995,-39667.168,-40129.535,-39200.24,2.315743,1.1771188,0.018400571,105.086476898,20.628447657
random3BodyIsing_L=10000_3.h5,19998,0.00025000499849964995,-39034.6,-39514.285,-38603.234,2.305624,1.1050893,0.018578764,104.985006316,18.499978798
random3BodyIsing_L=10000_4.h5,19998,0.00025000499849964995,-38977.39,-39427.133,-38499.76,2.352114,1.2253999,0.018786177,105.062086824,18.214807267
random3BodyIsing_L=10000_5.h5,19998,0.00025000499849964995,-39395.746,-39870.34,-38893.742,2.449434,1.2742592,0.019086764,104.928745661,18.094561824
random3BodyIsing_L=10000_6.h5,19998,0.00025000499849964995,-39272.133,-39722.81,-38671.16,2.6474676,1.5302776,0.019870332,104.942221928,18.664211968
random3BodyIsing_L=10000_7.h5,19998,0.00025000499849964995,-39618.688,-40076.074,-39142.055,2.3306162,1.2030505,0.018890864,104.876835699,18.599609534
random3BodyIsing_L=10000_8.h5,19998,0.00025000499849964995,-39315.516,-39787.805,-38891.07,2.253792,1.0795872,0.018929574,104.984148892,18.965189368
random3BodyIsing_L=10000_9.h5,19998,0.00025000499849964995,-39313.57,-39762.504,-38908.78,2.1470544,1.0296421,0.019634388,104.976563759,17.958691254
random3BodyIsing_L=20000_1.h5,39998,0.00012500124981247812,-78529.3,-79487.05,-77596.99,2.3778145,1.1872063,0.027686767,209.837075056,36.05920659
random3BodyIsing_L=20000_10.h5,39998,0.00012500124981247812,-79235.125,-80267.59,-78335.734,2.4067738,1.1350908,0.026829212,209.531943606,38.185830785
random3BodyIsing_L=20000_2.h5,39998,0.00012500124981247812,-78693.164,-79636.234,-77774.71,2.3375332,1.167132,0.031106386,209.775705781,35.757683342
random3BodyIsing_L=20000_3.h5,39998,0.00012500124981247812,-78240.14,-79191.8,-77330.61,2.3502278,1.1624867,0.025993512,209.582337181,36.122118508
random3BodyIsing_L=20000_4.h5,39998,0.00012500124981247812,-78315.25,-79274.06,-77442.21,2.3107831,1.1147753,0.025976997,209.499037256,36.430410022
random3BodyIsing_L=20000_5.h5,39998,0.00012500124981247812,-78456.94,-79467.58,-77555.73,2.4058259,1.1486695,0.026322771,209.812513625,37.755536415
random3BodyIsing_L=20000_6.h5,39998,0.00012500124981247812,-78176.73,-79131.52,-77330.85,2.2755432,1.0820036,0.026798705,209.675974423,34.098792329
random3BodyIsing_L=20000_7.h5,39998,0.00012500124981247812,-78844.09,-79822.28,-78028.305,2.2474635,1.0346863,0.026421578,209.668652369,34.516027277
random3BodyIsing_L=20000_8.h5,39998,0.00012500124981247812,-78907.305,-79909.02,-78046.08,2.331333,1.0914409,0.031878488,209.780971322,38.123130822
random3BodyIsing_L=20000_9.h5,39998,0.00012500124981247812,-78395.42,-79336.2,-77419.58,2.4158266,1.2447714,0.030346878,209.629182284,38.435147556
random3BodyIsing_L=50000_1.h5,99998,5.000019998799944e-5,-196693.94,-199204.56,-194343.58,2.4401975,1.1949323,0.053761027,528.472933032,125.129930587
random3BodyIsing_L=50000_10.h5,99998,5.000019998799944e-5,-196335.38,-198881.39,-194177.28,2.365284,1.0991874,0.051740931,532.53601878,118.591166025
random3BodyIsing_L=50000_2.h5,99998,5.000019998799944e-5,-196536.88,-199123.17,-194121.36,2.511919,1.2290394,0.049999732,528.380555877,121.437889618
random3BodyIsing_L=50000_3.h5,99998,5.000019998799944e-5,-196829.2,-199425.27,-194556.08,2.44161,1.1548718,0.050497011,528.267981378,119.475781061
random3BodyIsing_L=50000_4.h5,99998,5.000019998799944e-5,-197286.77,-199805.47,-194883.28,2.46349,1.2182695,0.050126171,528.140657544,124.971472628
random3BodyIsing_L=50000_5.h5,99998,5.000019998799944e-5,-197229.66,-199774.7,-194733.11,2.5236397,1.265807,0.05007482,528.670265614,118.840784916
random3BodyIsing_L=50000_6.h5,99998,5.000019998799944e-5,-195582.47,-198086.3,-193441.02,2.3450797,1.0949106,0.050541503,528.556794821,128.405471772
random3BodyIsing_L=50000_7.h5,99998,5.000019998799944e-5,-196762.1,-199393.25,-194431.88,2.4882362,1.1842823,0.051963181,528.132705007,119.895530808
random3BodyIsing_L=50000_8.h5,99998,5.000019998799944e-5,-196885.73,-199393.9,-194699.39,2.3543928,1.1104633,0.050482133,527.873757441,124.198492854
random3BodyIsing_L=50000_9.h5,99998,5.000019998799944e-5,-197768.1,-200363.16,-195534.7,2.4098508,1.1292977,0.050909055,531.590378303,126.102861626
random3BodyIsing_L=100000_1.h5,199998,2.5000049998499964e-5,-392532.2,-397705.1,-388246.34,2.3783326,1.0918452,0.095578419,1300.774136805,361.541157953
random3BodyIsing_L=100000_10.h5,199998,2.5000049998499964e-5,-393036.06,-398293.78,-388646.56,2.4221365,1.1168187,0.091723421,1302.297082382,349.620535894
random3BodyIsing_L=100000_2.h5,199998,2.5000049998499964e-5,-394121.5,-399413.22,-389699.62,2.431966,1.1219573,0.107824719,1308.464855835,359.812565039
random3BodyIsing_L=100000_3.h5,199998,2.5000049998499964e-5,-393520.44,-398797.22,-389060.1,2.441623,1.1334465,0.096431976,1299.985751503,356.927225268
random3BodyIsing_L=100000_4.h5,199998,2.5000049998499964e-5,-392730.7,-398018.25,-388206.28,2.465206,1.1520379,0.090181183,1301.369531514,348.10939331
random3BodyIsing_L=100000_5.h5,199998,2.5000049998499964e-5,-393973.1,-399245.22,-389533.56,2.4325042,1.1268616,0.09317329,1299.890038988,331.864296666
random3BodyIsing_L=100000_6.h5,199998,2.5000049998499964e-5,-394407.94,-399739.47,-389820.5,2.4813583,1.16312,0.091752774,1304.84766837,331.670949302
random3BodyIsing_L=100000_7.h5,199998,2.5000049998499964e-5,-393024.44,-398316.28,-388386.22,2.4930096,1.180135,0.090750211,1300.944062993,345.372803363
random3BodyIsing_L=100000_8.h5,199998,2.5000049998499964e-5,-392599.8,-397820.34,-388197.7,2.4188447,1.1212754,0.091694412,1301.529298613,346.231425795
random3BodyIsing_L=100000_9.h5,199998,2.5000049998499964e-5,-392549.03,-397740.38,-388013.3,2.4455807,1.1554528,0.091377881,1301.397734811,332.486525732
random3BodyIsing_L=500000_1.h5,999998,5.000001999988e-6,-1.9644529e6,-1.9915582e6,-1.9426992e6,2.453305,1.107363,0.961256225,7806.739366045,4906.989066777
random3BodyIsing_L=500000_10.h5,999998,5.000001999988e-6,-1.9645586e6,-1.9915361e6,-1.9423741e6,2.4685466,1.1292357,0.861699244,7806.685053278,8196.189067682
random3BodyIsing_L=500000_2.h5,999998,5.000001999988e-6,-1.9652808e6,-1.9922638e6,-1.9441244e6,2.4163153,1.0765065,0.967469231,7806.65545859,8382.69986544
random3BodyIsing_L=500000_3.h5,999998,5.000001999988e-6,-1.965913e6,-1.992853e6,-1.9444542e6,2.4286163,1.0915412,0.752477443,7806.312967161,4641.082279533
random3BodyIsing_L=500000_4.h5,999998,5.000001999988e-6,-1.9653234e6,-1.992218e6,-1.9435348e6,2.4436707,1.1086534,0.941943544,7806.262296357,7439.369067588
random3BodyIsing_L=500000_5.h5,999998,5.000001999988e-6,-1.9633962e6,-1.990193e6,-1.9417599e6,2.4335892,1.1019871,0.588434673,7806.927759327,7477.231506313
random3BodyIsing_L=500000_6.h5,999998,5.000001999988e-6,-1.9665041e6,-1.9930901e6,-1.9451161e6,2.407016,1.0876154,0.917918786,7806.122176556,4457.037517268
random3BodyIsing_L=500000_7.h5,999998,5.000001999988e-6,-1.964506e6,-1.9915329e6,-1.943113e6,2.4312866,1.088976,0.53318258,7805.937221024,8262.333211038
random3BodyIsing_L=500000_8.h5,999998,4.999977999891999e-6,-1.9654171e6,-1.9921178e6,-1.9432275e6,2.4541848,1.1290033,0.755757627,7810.808992506,8295.568349064
random3BodyIsing_L=500000_9.h5,999998,5.000001999988e-6,-1.9636796e6,-1.990407e6,-1.9418545e6,2.4393253,1.1114402,0.626235041,7806.307159974,4827.057760281
random3BodyIsing_L=1000000_1.h5,1999998,2.5000004999985e-6,-3.929844e6,-3.413026e6,-3.8875588e6,-13.903579,1.0760033,1.694180159,16108.683831424,10816.169789876
random3BodyIsing_L=1000000_10.h5,1999998,2.5000004999985e-6,-3.9289985e6,-3.5663348e6,-3.885734e6,-8.955953,1.1011585,1.708629362,16110.775452396,10822.015712477
random3BodyIsing_L=1000000_2.h5,1999998,2.4999964999905e-6,-3.9279845e6,-3.336337e6,-3.8851315e6,-16.449013,1.0909666,1.712766808,16109.153990195,10931.475228731
random3BodyIsing_L=1000000_3.h5,1999998,2.5000004999985e-6,-3.928838e6,-3.5623798e6,-3.8825835e6,-8.988479,1.1773074,1.688262291,16108.413427144,10821.378850224
random3BodyIsing_L=1000000_4.h5,1999998,2.5000004999985e-6,-3.9310735e6,-3.5655072e6,-3.888411e6,-9.05632,1.0852634,1.700685433,16108.285397284,10804.115200941
random3BodyIsing_L=1000000_5.h5,1999998,2.5000004999985e-6,-3.929471e6,-3.5667445e6,-3.8842345e6,-8.901395,1.1512109,1.694569643,16111.249771059,10804.72677537
random3BodyIsing_L=1000000_6.h5,1999998,2.5000004999985e-6,-3.9318272e6,-3.5658222e6,-3.8878195e6,-9.030099,1.1192697,1.700681273,16105.660239636,10831.388630553
random3BodyIsing_L=1000000_7.h5,1999998,2.5000004999985e-6,-3.932435e6,-3.5115e6,-3.890057e6,-10.780493,1.0776529,1.707032293,16108.318793934,10894.487719359
random3BodyIsing_L=1000000_8.h5,1999998,2.5000004999985e-6,-3.931646e6,-3.5651148e6,-3.8881372e6,-9.060648,1.1066294,1.69808799,16108.932658897,10803.854757274
random3BodyIsing_L=1000000_9.h5,1999998,2.5000004999985e-6,-3.92685e6,-3.334769e6,-3.8801578e6,-16.354618,1.189051,1.698082395,16109.264192728,10941.116553743
random3BodyIsing_L=5000000_1.h5,9999998,5.00000019999988e-7,-1.9189358e7,NaN,-1.9423122e7,NaN,-1.218196,7.993435232,6956.398213264,NaN
random3BodyIsing_L=5000000_10.h5,9999998,4.99999859999924e-7,-1.9197632e7,NaN,-1.943627e7,NaN,-1.2430595,8.069781134,6956.197910511,NaN
random3BodyIsing_L=5000000_2.h5,9999998,4.99999939999956e-7,-1.9200058e7,NaN,-1.9438192e7,NaN,-1.2402775,8.068751388,6955.689690273,NaN
random3BodyIsing_L=5000000_3.h5,9999998,4.99999939999956e-7,-1.919199e7,NaN,-1.9404012e7,NaN,-1.104742,8.063116359,6956.801786728,NaN
random3BodyIsing_L=5000000_4.h5,9999998,5.00000019999988e-7,-1.9206842e7,NaN,-1.9441336e7,NaN,-1.2208878,8.048296895,6956.261281647,NaN
random3BodyIsing_L=5000000_5.h5,9999998,4.9999999999998e-7,-1.9194556e7,NaN,-1.9431074e7,NaN,-1.232214,8.006967052,6955.72690103,NaN
random3BodyIsing_L=5000000_6.h5,9999998,5.00000019999988e-7,-1.918984e7,NaN,-1.942704e7,NaN,-1.2360708,8.171556705,6956.764455261,NaN
random3BodyIsing_L=5000000_7.h5,9999998,4.99999939999956e-7,-1.919624e7,NaN,-1.942919e7,NaN,-1.2135189,8.029918461,6956.628526075,NaN
random3BodyIsing_L=5000000_8.h5,9999998,4.99999939999956e-7,-1.9192596e7,NaN,-1.9431408e7,NaN,-1.2442923,8.064602085,6956.893137597,NaN
random3BodyIsing_L=5000000_9.h5,9999998,5.00000019999988e-7,-1.9196544e7,NaN,-1.943265e7,NaN,-1.2299402,8.060077114,6955.476170341,NaN
random3BodyIsing_L=10000000_1.h5,19999998,2.499999649999905e-7,-3.8383464e7,NaN,-3.8815616e7,NaN,-1.1258807,15.875040384,13951.504036632,NaN
random3BodyIsing_L=10000000_2.h5,19999998,2.500000049999985e-7,-3.838538e7,NaN,-3.886546e7,NaN,-1.2506845,15.546882896,13950.784123714,NaN
random3BodyIsing_L=10000000_3.h5,19999998,2.500000049999985e-7,-3.8383228e7,NaN,-3.886524e7,NaN,-1.2557881,15.597246958,13951.838970992,NaN
random3BodyIsing_L=10000000_4.h5,19999998,2.500000049999985e-7,-3.8378772e7,NaN,-3.8859604e7,NaN,-1.2528592,15.469028818,13951.658403132,NaN
random3BodyIsing_L=10000000_5.h5,19999998,2.499999849999945e-7,-3.8379464e7,NaN,-3.8847852e7,NaN,-1.2204131,15.538368702,13950.385938178,NaN
random3BodyIsing_L=50000000_1.h5,99999998,4.999999619999983e-8,-1.9135926e8,NaN,-1.9431032e8,NaN,-1.5421548,60.690738277,69875.563702317,NaN
random3BodyIsing_L=50000000_2.h5,99999998,4.999999519999979e-8,-1.9135525e8,NaN,-1.941077e8,NaN,-1.4383969,60.589674113,69871.786159351,NaN
random3BodyIsing_L=100000000_1.h5,199999998,2.4999998599999972e-8,NaN,NaN,-3.88535e8,NaN,NaN,164.426144433,139723.561716629,NaN
random3BodyIsing_L=100000000_2.h5,199999998,2.499999804999996e-8,-3.8069984e8,NaN,-3.8846566e8,NaN,-2.039881,157.991146215,265485.1107801,NaN
