instance,size,density,sa_energy,cplex_energy,velox_energy,gap_cplex,gap_sa,runtime_velox,runtime_sa,runtime_cplex
random3BodyIsing_L=100_1.h5,198,0.025048464442403835,-384.69113,-389.385,-388.24976,0.2915505,-0.9250601,0.061245991,0.132926809,0.125484175
random3BodyIsing_L=100_10.h5,198,0.025048464442403835,-396.7123,-401.5751,-399.99405,0.39371333,-0.8272338,0.040066183,0.081600721,0.049099311
random3BodyIsing_L=100_2.h5,198,0.025048464442403835,-407.1629,-416.55743,-416.55743,0.0,-2.307315,0.059471222,0.095412663,0.065708498
random3BodyIsing_L=100_3.h5,198,0.025048464442403835,-374.46884,-375.46597,-373.6341,0.4878947,0.22291501,0.039345393,0.076530248,0.068866473
random3BodyIsing_L=100_4.h5,198,0.025048464442403835,-417.73773,-421.15707,-420.9166,0.057099488,-0.7609711,0.038720193,0.085423208,0.056591389
random3BodyIsing_L=100_5.h5,198,0.025048464442403835,-392.12704,-393.70532,-392.1984,0.3827552,-0.018195659,0.056028494,0.095720369,0.147722134
random3BodyIsing_L=100_6.h5,198,0.025048464442403835,-376.11932,-377.41095,-376.67352,0.19539091,-0.14734665,0.042646153,0.080858985,0.042213905
random3BodyIsing_L=100_7.h5,198,0.025048464442403835,-360.65698,-364.38748,-363.73553,0.17891587,-0.8535956,0.063862281,0.083873687,0.079791786
random3BodyIsing_L=100_8.h5,198,0.025048464442403835,-437.04074,-441.8759,-440.64838,0.27779487,-0.8254689,0.040509741,0.087151488,0.112340756
random3BodyIsing_L=100_9.h5,198,0.025048464442403835,-376.2172,-379.72958,-379.69244,0.009780616,-0.9237351,0.039169829,0.091288673,0.182251221
random3BodyIsing_L=156_1.h5,310,0.016045785639958378,-613.1673,-622.6521,-616.0292,1.0636638,-0.46673682,0.060865082,0.13534853,0.063705304
random3BodyIsing_L=156_10.h5,310,0.016045785639958378,-581.6909,-582.01935,-579.36755,0.45561963,0.3994156,0.039612215,1.513565283,0.070767041
random3BodyIsing_L=156_2.h5,310,0.016045785639958378,-587.52985,-605.6964,-603.6763,0.3335238,-2.7481878,0.061085762,0.126845889,0.074790486
random3BodyIsing_L=156_3.h5,310,0.016045785639958378,-630.40717,-631.30347,-625.4553,0.9263603,0.78549916,0.04063717,1.509048691,0.059450224
random3BodyIsing_L=156_4.h5,310,0.016045785639958378,-574.4905,-575.61743,-571.1832,0.7703388,0.5756842,0.039926092,1.501041693,0.086969699
random3BodyIsing_L=156_5.h5,310,0.016045785639958378,-607.1347,-607.5189,-605.1604,0.38822174,0.32518387,0.038043657,1.512787183,0.089435261
random3BodyIsing_L=156_6.h5,310,0.016045785639958378,-627.8011,-627.8011,-624.845,0.47086823,0.47086823,0.039185574,1.49621419,0.055922174
random3BodyIsing_L=156_7.h5,310,0.016045785639958378,-642.0776,-642.661,-637.2882,0.83602434,0.7459173,0.038739629,1.497502455,0.057446264
random3BodyIsing_L=156_8.h5,310,0.016045785639958378,-602.17584,-602.57544,-600.2527,0.38547105,0.31936797,0.040836328,1.512282626,0.073552307
random3BodyIsing_L=156_9.h5,310,0.016045785639958378,-638.4349,-639.2657,-633.7568,0.86175615,0.7327451,0.061608402,1.487834746,0.058029374
random3BodyIsing_L=433_1.h5,864,0.005776320301783265,-1687.9453,-1695.6617,-1670.0989,1.5075451,1.0572876,0.057697358,3.961976134,0.209223561
random3BodyIsing_L=433_10.h5,864,0.005776320301783265,-1700.3716,-1708.965,-1684.8347,1.4119803,0.91373354,0.072512666,3.96415835,0.289217589
random3BodyIsing_L=433_2.h5,864,0.005776320301783265,-1748.1746,-1754.1554,-1730.9321,1.3239002,0.98631066,0.073162015,3.966004334,0.227544515
random3BodyIsing_L=433_3.h5,864,0.005776320301783265,-1695.9587,-1700.7231,-1676.4966,1.424486,1.1475608,0.056913359,3.967107164,0.262837403
random3BodyIsing_L=433_4.h5,864,0.005776320301783265,-1756.1624,-1764.3707,-1741.9781,1.2691538,0.80768186,0.067677949,3.950723136,0.220619444
random3BodyIsing_L=433_5.h5,864,0.005776320301783265,-1737.091,-1745.6544,-1718.145,1.5758789,1.0906696,0.05942061,3.942656732,0.240288587
random3BodyIsing_L=433_6.h5,864,0.005776320301783265,-1704.0669,-1708.0293,-1688.7355,1.1295955,0.899696,0.056564439,3.961361285,0.21541994
random3BodyIsing_L=433_7.h5,864,0.005776320301783265,-1762.9265,-1771.2554,-1746.667,1.3881894,0.9223028,0.075049465,3.965723301,0.207739633
random3BodyIsing_L=433_8.h5,864,0.005776320301783265,-1750.895,-1758.7014,-1735.4896,1.3198256,0.8798583,0.070680822,3.972537178,0.218520467
random3BodyIsing_L=433_9.h5,864,0.005776320301783265,-1673.2852,-1680.9213,-1653.9001,1.6075184,1.1585001,0.059555046,3.947485985,0.200801441
random3BodyIsing_L=1000_1.h5,1998,0.0025004984964944925,-4038.5022,-4070.9668,-3990.3516,1.9802479,1.1922894,0.100810603,10.333824208,0.83179193
random3BodyIsing_L=1000_10.h5,1998,0.0025004984964944925,-3890.6816,-3917.851,-3844.934,1.8611476,1.1758237,0.109458537,8.819587834,0.829319404
random3BodyIsing_L=1000_2.h5,1998,0.0025004984964944925,-3915.377,-3945.8547,-3862.4814,2.1129336,1.3509685,0.109914767,8.809271974,0.875247305
random3BodyIsing_L=1000_3.h5,1998,0.0025004984964944925,-3879.1865,-3907.4006,-3828.4639,2.0201862,1.3075591,0.104193272,8.821195886,0.861239616
random3BodyIsing_L=1000_4.h5,1998,0.0025004984964944925,-3930.9229,-3963.1543,-3873.1147,2.2719164,1.4705988,0.10698062,8.780778359,0.900094983
random3BodyIsing_L=1000_5.h5,1998,0.0025004984964944925,-3928.0486,-3958.7527,-3878.656,2.0232809,1.2574329,0.107307799,8.815391895,0.880469697
random3BodyIsing_L=1000_6.h5,1998,0.0025004984964944925,-3991.6602,-4021.3296,-3943.4429,1.9368399,1.2079506,0.111130738,8.780192,0.92318289
random3BodyIsing_L=1000_7.h5,1998,0.0025004984964944925,-3912.9214,-3941.4114,-3876.0908,1.6572886,0.941255,0.109635469,8.801160239,0.804896597
random3BodyIsing_L=1000_8.h5,1998,0.0025004984964944925,-4066.8882,-4100.823,-4020.3599,1.9621276,1.1440767,0.102815923,8.776197611,0.922543399
random3BodyIsing_L=1000_9.h5,1998,0.0025004984964944925,-3913.118,-3947.9434,-3874.8875,1.8504802,0.97698224,0.106944358,8.813002055,0.811878496
random3BodyIsing_L=10000_1.h5,19998,0.00025000499849964995,-39397.242,-39839.953,-38778.69,2.6638126,1.5700357,0.841072861,104.998102472,18.599604598
random3BodyIsing_L=10000_10.h5,19998,0.00025000499849964995,-39134.17,-39586.125,-38468.18,2.8240838,1.7018175,0.804556953,104.919883156,18.579895527
random3BodyIsing_L=10000_2.h5,19998,0.00025000499849964995,-39667.168,-40129.535,-39069.07,2.6426044,1.5077902,0.871273101,105.086476898,20.628447657
random3BodyIsing_L=10000_3.h5,19998,0.00025000499849964995,-39034.6,-39514.285,-38379.523,2.8717759,1.6781986,0.785447113,104.985006316,18.499978798
random3BodyIsing_L=10000_4.h5,19998,0.00025000499849964995,-38977.39,-39427.133,-38400.246,2.604518,1.4807162,0.846555045,105.062086824,18.214807267
random3BodyIsing_L=10000_5.h5,19998,0.00025000499849964995,-39395.746,-39870.34,-38816.35,2.6435397,1.4707032,0.814386551,104.928745661,18.094561824
random3BodyIsing_L=10000_6.h5,19998,0.00025000499849964995,-39272.133,-39722.81,-38616.21,2.785799,1.6701967,0.831389804,104.942221928,18.664211968
random3BodyIsing_L=10000_7.h5,19998,0.00025000499849964995,-39618.688,-40076.074,-38959.14,2.7870336,1.6647369,0.792369808,104.876835699,18.599609534
random3BodyIsing_L=10000_8.h5,19998,0.00025000499849964995,-39315.516,-39787.805,-38745.277,2.6202183,1.4504154,0.865620132,104.984148892,18.965189368
random3BodyIsing_L=10000_9.h5,19998,0.00025000499849964995,-39313.57,-39762.504,-38767.26,2.5029666,1.3896184,0.789113401,104.976563759,17.958691254
random3BodyIsing_L=20000_1.h5,39998,0.00012500124981247812,-78529.3,-79487.05,-77317.59,2.7293167,1.542995,1.747654641,209.837075056,36.05920659
random3BodyIsing_L=20000_10.h5,39998,0.00012500124981247812,-79235.125,-80267.59,-78062.375,2.7473338,1.4800886,1.636060953,209.531943606,38.185830785
random3BodyIsing_L=20000_2.h5,39998,0.00012500124981247812,-78693.164,-79636.234,-77509.66,2.670365,1.5039525,1.588441133,209.775705781,35.757683342
random3BodyIsing_L=20000_3.h5,39998,0.00012500124981247812,-78240.14,-79191.8,-76946.19,2.835659,1.6538225,1.577670445,209.582337181,36.122118508
random3BodyIsing_L=20000_4.h5,39998,0.00012500124981247812,-78315.25,-79274.06,-77130.52,2.7039602,1.5127661,1.738104065,209.499037256,36.430410022
random3BodyIsing_L=20000_5.h5,39998,0.00012500124981247812,-78456.94,-79467.58,-77290.88,2.7390985,1.4862353,1.630520552,209.812513625,37.755536415
random3BodyIsing_L=20000_6.h5,39998,0.00012500124981247812,-78176.73,-79131.52,-76788.625,2.960765,1.7755945,1.57454387,209.675974423,34.098792329
random3BodyIsing_L=20000_7.h5,39998,0.00012500124981247812,-78844.09,-79822.28,-77533.45,2.8674052,1.6623193,1.572066339,209.668652369,34.516027277
random3BodyIsing_L=20000_8.h5,39998,0.00012500124981247812,-78907.305,-79909.02,-77563.5,2.9352422,1.7030169,1.625186567,209.780971322,38.123130822
random3BodyIsing_L=20000_9.h5,39998,0.00012500124981247812,-78395.42,-79336.2,-77181.484,2.7159338,1.54848,1.586834962,209.629182284,38.435147556
random3BodyIsing_L=50000_1.h5,99998,5.000019998799944e-5,-196693.94,-199204.56,-193485.94,2.87073,1.6309602,4.225303573,528.472933032,125.129930587
random3BodyIsing_L=50000_10.h5,99998,5.000019998799944e-5,-196335.38,-198881.39,-192963.22,2.9757292,1.717549,4.19769399,532.53601878,118.591166025
random3BodyIsing_L=50000_2.h5,99998,5.000019998799944e-5,-196536.88,-199123.17,-193071.53,3.0391443,1.7632028,4.117023918,528.380555877,121.437889618
random3BodyIsing_L=50000_3.h5,99998,5.000019998799944e-5,-196829.2,-199425.27,-193323.6,3.0596282,1.7810414,4.218581756,528.267981378,119.475781061
random3BodyIsing_L=50000_4.h5,99998,5.000019998799944e-5,-197286.77,-199805.47,-194014.06,2.8985224,1.6588559,4.172107244,528.140657544,124.971472628
random3BodyIsing_L=50000_5.h5,99998,5.000019998799944e-5,-197229.66,-199774.7,-194009.3,2.8859541,1.6327968,4.129999582,528.670265614,118.840784916
random3BodyIsing_L=50000_6.h5,99998,5.000019998799944e-5,-195582.47,-198086.3,-192489.06,2.8256545,1.5816377,4.281308656,528.556794821,128.405471772
random3BodyIsing_L=50000_7.h5,99998,5.000019998799944e-5,-196762.1,-199393.25,-193663.05,2.87382,1.5750223,4.283859483,528.132705007,119.895530808
random3BodyIsing_L=50000_8.h5,99998,5.000019998799944e-5,-196885.73,-199393.9,-193673.19,2.8690538,1.6316808,4.11482626,527.873757441,124.198492854
random3BodyIsing_L=50000_9.h5,99998,5.000019998799944e-5,-197768.1,-200363.16,-194392.72,2.979808,1.706734,4.372756995,531.590378303,126.102861626
random3BodyIsing_L=100000_1.h5,199998,2.5000049998499964e-5,-392532.2,-397705.1,-385989.25,2.945862,1.6668538,8.308653158,1300.774136805,361.541157953
random3BodyIsing_L=100000_10.h5,199998,2.5000049998499964e-5,-393036.06,-398293.78,-386361.0,2.9959748,1.6983334,8.347306645,1302.297082382,349.620535894
random3BodyIsing_L=100000_2.h5,199998,2.5000049998499964e-5,-394121.5,-399413.22,-386569.88,3.2155528,1.9160652,8.124656126,1308.464855835,359.812565039
random3BodyIsing_L=100000_3.h5,199998,2.5000049998499964e-5,-393520.44,-398797.22,-386551.7,3.070616,1.7708738,8.051116664,1299.985751503,356.927225268
random3BodyIsing_L=100000_4.h5,199998,2.5000049998499964e-5,-392730.7,-398018.25,-385462.38,3.1545978,1.8507116,8.03511129,1301.369531514,348.10939331
random3BodyIsing_L=100000_5.h5,199998,2.5000049998499964e-5,-393973.1,-399245.22,-386686.7,3.1455684,1.849468,8.15629504,1299.890038988,331.864296666
random3BodyIsing_L=100000_6.h5,199998,2.5000049998499964e-5,-394407.94,-399739.47,-387162.75,3.146229,1.8369781,8.017770878,1304.84766837,331.670949302
random3BodyIsing_L=100000_7.h5,199998,2.5000049998499964e-5,-393024.44,-398316.28,-385764.38,3.1512408,1.8472294,8.019270634,1300.944062993,345.372803363
random3BodyIsing_L=100000_8.h5,199998,2.5000049998499964e-5,-392599.8,-397820.34,-385491.6,3.0990748,1.8105507,8.22254576,1301.529298613,346.231425795
random3BodyIsing_L=100000_9.h5,199998,2.5000049998499964e-5,-392549.03,-397740.38,-386082.56,2.9310105,1.6473022,8.131839134,1301.397734811,332.486525732
random3BodyIsing_L=500000_1.h5,999998,5.000001999988e-6,-1.9644529e6,-1.9915582e6,-1.9267465e6,3.2543235,1.9194338,40.204061199,7806.739366045,4906.989066777
random3BodyIsing_L=500000_10.h5,999998,5.000001999988e-6,-1.9645586e6,-1.9915361e6,-1.9263368e6,3.2738235,1.9455707,39.630879429,7806.685053278,8196.189067682
random3BodyIsing_L=500000_2.h5,999998,5.000001999988e-6,-1.9652808e6,-1.9922638e6,-1.9286122e6,3.1949334,1.8658148,40.452573674,7806.65545859,8382.69986544
random3BodyIsing_L=500000_3.h5,999998,5.000001999988e-6,-1.965913e6,-1.992853e6,-1.9282912e6,3.2396646,1.9137038,40.288434022,7806.312967161,4641.082279533
random3BodyIsing_L=500000_4.h5,999998,5.000001999988e-6,-1.9653234e6,-1.992218e6,-1.9272598e6,3.2605994,1.9367615,39.915372226,7806.262296357,7439.369067588
random3BodyIsing_L=500000_5.h5,999998,5.000001999988e-6,-1.9633962e6,-1.990193e6,-1.9244835e6,3.3016648,1.9819101,40.028818873,7806.927759327,7477.231506313
random3BodyIsing_L=500000_6.h5,999998,5.000001999988e-6,-1.9665041e6,-1.9930901e6,-1.9292168e6,3.204741,1.8961248,40.323523311,7806.122176556,4457.037517268
random3BodyIsing_L=500000_7.h5,999998,5.000001999988e-6,-1.964506e6,-1.9915329e6,-1.924759e6,3.3528883,2.0232568,39.517452561,7805.937221024,8262.333211038
random3BodyIsing_L=500000_8.h5,999998,4.999977999891999e-6,-1.9654171e6,-1.9921178e6,-1.9298922e6,3.1235855,1.807498,40.564846878,7810.808992506,8295.568349064
random3BodyIsing_L=500000_9.h5,999998,5.000001999988e-6,-1.9636796e6,-1.990407e6,-1.9274572e6,3.162657,1.8446174,40.589402185,7806.307159974,4827.057760281
random3BodyIsing_L=1000000_1.h5,1999998,2.5000004999985e-6,-3.929844e6,-3.413026e6,-3.8513805e6,-12.843573,1.996606,79.919657521,16108.683831424,10816.169789876
random3BodyIsing_L=1000000_10.h5,1999998,2.5000004999985e-6,-3.9289985e6,-3.5663348e6,-3.8353772e6,-7.5439496,2.3828273,78.499101865,16110.775452396,10822.015712477
random3BodyIsing_L=1000000_2.h5,1999998,2.4999964999905e-6,-3.9279845e6,-3.336337e6,-3.8518425e6,-15.451242,1.9384496,79.669997885,16109.153990195,10931.475228731
random3BodyIsing_L=1000000_3.h5,1999998,2.5000004999985e-6,-3.928838e6,-3.5623798e6,-3.8512822e6,-8.1098175,1.9740124,79.640400948,16108.413427144,10821.378850224
random3BodyIsing_L=1000000_4.h5,1999998,2.5000004999985e-6,-3.9310735e6,-3.5655072e6,-3.8528645e6,-8.059365,1.9895074,80.203504738,16108.285397284,10804.115200941
random3BodyIsing_L=1000000_5.h5,1999998,2.5000004999985e-6,-3.929471e6,-3.5667445e6,-3.85463e6,-8.07138,1.9046075,80.976007032,16111.249771059,10804.72677537
random3BodyIsing_L=1000000_6.h5,1999998,2.5000004999985e-6,-3.9318272e6,-3.5658222e6,-3.858978e6,-8.221267,1.8528091,81.433327815,16105.660239636,10831.388630553
random3BodyIsing_L=1000000_7.h5,1999998,2.5000004999985e-6,-3.932435e6,-3.5115e6,-3.8512608e6,-9.675658,2.0642235,78.602812854,16108.318793934,10894.487719359
random3BodyIsing_L=1000000_8.h5,1999998,2.5000004999985e-6,-3.931646e6,-3.5651148e6,-3.8500012e6,-7.9909487,2.0766048,79.825821237,16108.932658897,10803.854757274
random3BodyIsing_L=1000000_9.h5,1999998,2.5000004999985e-6,-3.92685e6,-3.334769e6,-3.8566832e6,-15.650686,1.7868457,82.11000487,16109.264192728,10941.116553743
random3BodyIsing_L=5000000_1.h5,9999998,5.00000019999988e-7,-1.9189358e7,NaN,-1.921791e7,NaN,-0.1487908,395.733685076,6956.398213264,NaN
random3BodyIsing_L=5000000_10.h5,9999998,4.99999859999924e-7,-1.9197632e7,NaN,-1.9238828e7,NaN,-0.21458897,396.53245205,6956.197910511,NaN
random3BodyIsing_L=5000000_2.h5,9999998,4.99999939999956e-7,-1.9200058e7,NaN,-1.9253432e7,NaN,-0.27798876,399.559962657,6955.689690273,NaN
random3BodyIsing_L=5000000_3.h5,9999998,4.99999939999956e-7,-1.919199e7,NaN,-1.9219956e7,NaN,-0.14571704,394.592959678,6956.801786728,NaN
random3BodyIsing_L=5000000_4.h5,9999998,5.00000019999988e-7,-1.9206842e7,NaN,-1.9261936e7,NaN,-0.2868457,402.986008583,6956.261281647,NaN
random3BodyIsing_L=5000000_5.h5,9999998,4.9999999999998e-7,-1.9194556e7,NaN,-1.9209836e7,NaN,-0.0796059,392.863980764,6955.72690103,NaN
random3BodyIsing_L=5000000_6.h5,9999998,5.00000019999988e-7,-1.918984e7,NaN,-1.9205328e7,NaN,-0.080709375,393.821845498,6956.764455261,NaN
random3BodyIsing_L=5000000_7.h5,9999998,4.99999939999956e-7,-1.919624e7,NaN,-1.9266604e7,NaN,-0.36655095,407.304813553,6956.628526075,NaN
random3BodyIsing_L=5000000_8.h5,9999998,4.99999939999956e-7,-1.9192596e7,NaN,-1.9239964e7,NaN,-0.2468035,399.726108204,6956.893137597,NaN
random3BodyIsing_L=5000000_9.h5,9999998,5.00000019999988e-7,-1.9196544e7,NaN,-1.9256328e7,NaN,-0.31143105,403.330135478,6955.476170341,NaN
random3BodyIsing_L=10000000_1.h5,19999998,2.499999649999905e-7,-3.8383464e7,NaN,-3.846697e7,NaN,-0.21755202,675.83195053,13951.504036632,NaN
random3BodyIsing_L=10000000_2.h5,19999998,2.500000049999985e-7,-3.838538e7,NaN,-3.8465372e7,NaN,-0.20839183,618.893056339,13950.784123714,NaN
random3BodyIsing_L=10000000_3.h5,19999998,2.500000049999985e-7,-3.8383228e7,NaN,-3.8487244e7,NaN,-0.27099335,625.478726034,13951.838970992,NaN
random3BodyIsing_L=10000000_4.h5,19999998,2.500000049999985e-7,-3.8378772e7,NaN,-3.8476444e7,NaN,-0.25449485,625.898332877,13951.658403132,NaN
random3BodyIsing_L=10000000_5.h5,19999998,2.499999849999945e-7,-3.8379464e7,NaN,-3.848743e7,NaN,-0.2813171,644.301755312,13950.385938178,NaN
random3BodyIsing_L=50000000_1.h5,99999998,4.999999619999983e-8,-1.9135926e8,NaN,-1.921537e8,NaN,-0.41515207,1967.050214989,69875.563702317,NaN
random3BodyIsing_L=50000000_2.h5,99999998,4.999999519999979e-8,-1.9135525e8,NaN,-1.9207597e8,NaN,-0.37663978,1960.510745225,69871.786159351,NaN
random3BodyIsing_L=100000000_1.h5,199999998,2.4999998599999972e-8,-3.812517e8,NaN,-3.8376294e8,NaN,-0.6586808,4121.657043055,139723.561716629,NaN
random3BodyIsing_L=100000000_2.h5,199999998,2.499999804999996e-8,-3.8069984e8,NaN,-3.8393898e8,NaN,-0.85083723,4198.355155381,265485.1107801,NaN