instance,size,density,sa_energy,cplex_energy,velox_energy,gap_cplex,gap_sa,runtime_velox,runtime_sa,runtime_cplex
weighted_max3SATIsing_sparse_L=100_1.h5,198,0.02066115702479339,-67.42223,-67.42223,-67.42223,0.0,0.0,0.059499936,1.032957105,0.005838026
weighted_max3SATIsing_sparse_L=100_10.h5,198,0.01969186817671666,-63.198326,-63.207115,-63.207115,0.0,-0.013907112,0.055606233,0.999894023,0.005634026
weighted_max3SATIsing_sparse_L=100_2.h5,198,0.019589837771655953,-58.51021,-58.564102,-58.564106,-6.5137124e-6,-0.09211702,0.057664368,1.00286934,0.005494929
weighted_max3SATIsing_sparse_L=100_3.h5,198,0.01964085297418631,-67.84631,-67.84631,-67.84631,0.0,0.0,0.060212099,0.976699623,0.005773601
weighted_max3SATIsing_sparse_L=100_4.h5,198,0.01928374655647383,-57.626877,-57.687733,-57.687733,0.0,-0.10560327,0.054295295,0.991712036,0.005235455
weighted_max3SATIsing_sparse_L=100_5.h5,198,0.020202020202020204,-64.650246,-64.65024,-64.65024,0.0,1.1801029e-5,0.054845126,1.019676208,0.00577793
weighted_max3SATIsing_sparse_L=100_6.h5,198,0.019844913784307725,-67.73011,-67.74759,-67.74759,0.0,-0.025806753,0.055561428,1.002836909,0.005569532
weighted_max3SATIsing_sparse_L=100_7.h5,198,0.020610141822263034,-58.448605,-58.539265,-58.539265,0.0,-0.15511079,0.053181568,1.048935554,0.005939021
weighted_max3SATIsing_sparse_L=100_8.h5,198,0.020406081012141617,-62.89865,-62.922474,-62.92247,6.0625352e-6,-0.03786881,0.054848424,1.034225921,0.005608937
weighted_max3SATIsing_sparse_L=100_9.h5,198,0.020253035404550555,-63.350777,-63.350773,-63.350777,-6.0215484e-6,0.0,0.052562818,1.032090651,0.005646584
weighted_max3SATIsing_sparse_L=156_1.h5,310,0.012903225806451613,-92.615776,-92.84442,-92.84442,0.0,-0.24687512,0.055113,1.605499539,0.007490091
weighted_max3SATIsing_sparse_L=156_10.h5,310,0.013090530697190426,-88.03917,-88.609665,-88.60967,-8.610115e-6,-0.64801073,0.052675978,1.634408898,0.009054507
weighted_max3SATIsing_sparse_L=156_2.h5,310,0.012799167533818939,-94.8024,-95.08972,-95.08972,0.0,-0.30307567,0.057600668,1.586386453,0.007614633
weighted_max3SATIsing_sparse_L=156_3.h5,310,0.012819979188345473,-90.138,-90.245224,-90.245224,0.0,-0.11895484,0.052651539,1.600280605,0.006990652
weighted_max3SATIsing_sparse_L=156_4.h5,310,0.013152965660770032,-97.878845,-97.9954,-97.9954,0.0,-0.11908014,0.056672355,1.630311318,0.007826055
weighted_max3SATIsing_sparse_L=156_5.h5,310,0.013090530697190426,-99.72934,-99.9533,-99.95329,7.632959e-6,-0.22456104,0.055271888,1.618731815,0.00828134
weighted_max3SATIsing_sparse_L=156_6.h5,310,0.013007284079084287,-98.77651,-98.91788,-98.917885,-7.712857e-6,-0.14312378,0.056868353,1.609963982,0.007451124
weighted_max3SATIsing_sparse_L=156_7.h5,310,0.012882414151925078,-101.26832,-101.3819,-101.38189,7.5254015e-6,-0.11214876,0.052395238,1.594704995,0.006947212
weighted_max3SATIsing_sparse_L=156_8.h5,310,0.012778355879292404,-99.38076,-99.384056,-99.38405,7.676679e-6,-0.0033087581,0.058164233,1.579154589,0.007995526
weighted_max3SATIsing_sparse_L=156_9.h5,310,0.012757544224765868,-99.431786,-99.650826,-99.65083,-7.656128e-6,-0.22029933,0.052902494,1.582055928,0.007368682
weighted_max3SATIsing_sparse_L=433_1.h5,864,0.004597479423868313,-271.69357,-272.8769,-272.8769,0.0,-0.43553445,0.061935668,4.413611699,0.020373897
weighted_max3SATIsing_sparse_L=433_10.h5,864,0.004543895747599451,-265.073,-266.64883,-266.6476,0.0004577943,-0.59403086,0.06033737,4.384437765,0.0185696
weighted_max3SATIsing_sparse_L=433_2.h5,864,0.004688571673525377,-272.18286,-273.9178,-273.9178,0.0,-0.6374113,0.065417339,4.490551667,0.023939893
weighted_max3SATIsing_sparse_L=433_3.h5,864,0.004672496570644719,-272.49475,-273.8522,-273.8522,0.0,-0.49815726,0.064862044,4.486581428,0.019728016
weighted_max3SATIsing_sparse_L=433_4.h5,864,0.004634987997256515,-266.2532,-267.65573,-267.65576,-1.1401803e-5,-0.5267758,0.061409798,4.4592238,0.017114996
weighted_max3SATIsing_sparse_L=433_5.h5,864,0.00472608024691358,-253.33698,-255.66315,-255.66316,-5.968318e-6,-0.9182186,0.062725753,4.55946657,0.02118144
weighted_max3SATIsing_sparse_L=433_6.h5,864,0.004565329218106996,-268.2412,-269.72717,-269.72717,0.0,-0.55396485,0.063770736,4.39146852,0.016574373
weighted_max3SATIsing_sparse_L=433_7.h5,864,0.00465642146776406,-270.31183,-271.98038,-271.98038,0.0,-0.6172681,0.061020932,4.469593934,0.021393353
weighted_max3SATIsing_sparse_L=433_8.h5,864,0.004584083504801098,-262.59348,-264.1853,-264.1853,0.0,-0.60619456,0.06830842,4.411645355,0.016918947
weighted_max3SATIsing_sparse_L=433_9.h5,864,0.004651063100137174,-265.29807,-266.9216,-266.9216,0.0,-0.61196643,0.06237265,4.467552527,0.019368519
weighted_max3SATIsing_sparse_L=1000_1.h5,1998,0.002020038056074092,-614.5118,-620.1845,-620.18445,9.841451e-6,-0.9231179,0.115864928,11.943713535,0.04656641
weighted_max3SATIsing_sparse_L=1000_10.h5,1998,0.002000999998997997,-629.5484,-634.7753,-634.7609,0.002269196,-0.8279784,0.107280474,10.253420865,0.043029856
weighted_max3SATIsing_sparse_L=1000_2.h5,1998,0.0020110200290380472,-610.8436,-614.9646,-614.9464,0.002957646,-0.6716585,0.109992434,10.31260131,0.039429079
weighted_max3SATIsing_sparse_L=1000_3.h5,1998,0.002006010014018022,-614.5298,-619.5852,-619.57947,0.0009259912,-0.8217149,0.11247299,10.288930761,0.040040046
weighted_max3SATIsing_sparse_L=1000_4.h5,1998,0.0019994969944919895,-595.84143,-601.90906,-601.9067,0.0003954702,-1.0179296,0.109861694,10.289649572,0.042304205
weighted_max3SATIsing_sparse_L=1000_5.h5,1998,0.001999997995993992,-621.25446,-626.4029,-626.40137,0.00024359385,-0.82847077,0.109321421,10.331362516,0.040277944
weighted_max3SATIsing_sparse_L=1000_6.h5,1998,0.0019934849764679592,-593.618,-600.3653,-600.3475,0.0029685702,-1.1336402,0.114802689,10.283105142,0.044284652
weighted_max3SATIsing_sparse_L=1000_7.h5,1998,0.002014026038050062,-603.9933,-610.3248,-610.3248,0.0,-1.0482804,0.110452324,10.3468275,0.042501052
weighted_max3SATIsing_sparse_L=1000_8.h5,1998,0.001994987980973967,-634.8371,-639.9828,-639.9828,0.0,-0.81055295,0.110524788,10.205668592,0.036291138
weighted_max3SATIsing_sparse_L=1000_9.h5,1998,0.002000999998997997,-622.1578,-627.3827,-627.35876,0.0038135867,-0.8359598,0.111437911,10.260452271,0.040518518
weighted_max3SATIsing_sparse_L=10000_1.h5,19998,0.00019969993799059873,-6117.4277,-6195.95,-6195.439,0.008251042,-1.2752292,0.831530321,124.714885841,0.634349671
weighted_max3SATIsing_sparse_L=10000_10.h5,19998,0.00020017003200470062,-6134.244,-6208.0767,-6207.6807,0.0063787242,-1.1971569,0.833284542,125.027937037,0.729045462
weighted_max3SATIsing_sparse_L=10000_2.h5,19998,0.00019999499699944993,-6168.8047,-6242.287,-6241.9414,0.005538084,-1.1855898,0.820924677,124.76901491,0.56310599
weighted_max3SATIsing_sparse_L=10000_3.h5,19998,0.00020094018602780371,-6161.848,-6238.2764,-6237.7725,0.008077651,-1.2321678,0.814894848,125.301908884,0.48428015
weighted_max3SATIsing_sparse_L=10000_4.h5,19998,0.0002008701720257034,-6144.8486,-6220.343,-6219.832,0.008210837,-1.2202644,0.829050546,125.271214196,0.690348797
weighted_max3SATIsing_sparse_L=10000_5.h5,19998,0.00019997999399899987,-6187.345,-6260.293,-6259.831,0.007378474,-1.1715176,0.827768516,124.755601071,0.659360189
weighted_max3SATIsing_sparse_L=10000_6.h5,19998,0.00020011002000290038,-6225.1504,-6297.6187,-6297.213,0.0064430977,-1.1576025,0.834432916,124.682086676,0.698272414
weighted_max3SATIsing_sparse_L=10000_7.h5,19998,0.00019962992398849845,-6161.8916,-6236.6494,-6236.214,0.0069836676,-1.2061598,0.830975538,124.536770897,0.707618266
weighted_max3SATIsing_sparse_L=10000_8.h5,19998,0.00020000499899974997,-6223.2485,-6299.3745,-6298.965,0.006503312,-1.2166685,0.836299983,124.949323473,0.699621283
weighted_max3SATIsing_sparse_L=10000_9.h5,19998,0.00019938487498114747,-6172.3657,-6249.654,-6249.1353,0.008297334,-1.2437618,0.834478329,124.498574687,0.50815852
weighted_max3SATIsing_sparse_L=20000_1.h5,39998,0.00010010376012575318,-12204.954,-12362.686,-12361.566,0.009052569,-1.2831863,1.609509627,250.665330964,0.913049959
weighted_max3SATIsing_sparse_L=20000_10.h5,39998,0.00010005250500036878,-12375.876,-12535.71,-12534.772,0.0074786353,-1.2839211,1.642168641,250.180444181,0.949725466
weighted_max3SATIsing_sparse_L=20000_2.h5,39998,0.00010011376112582818,-12210.818,-12374.512,-12373.422,0.008807166,-1.3316349,1.63830564,250.605065954,1.014887579
weighted_max3SATIsing_sparse_L=20000_3.h5,39998,9.993374312447808e-5,-12461.129,-12617.217,-12616.225,0.007863759,-1.244636,1.657968737,249.825009606,0.896532341
weighted_max3SATIsing_sparse_L=20000_4.h5,39998,9.987998774907494e-5,-12477.483,-12636.038,-12634.959,0.008539873,-1.262078,1.628871656,249.710279457,0.995654247
weighted_max3SATIsing_sparse_L=20000_5.h5,39998,0.00010003625337524689,-12313.594,-12468.548,-12467.445,0.008842562,-1.2494448,1.636484551,250.362284945,1.033606596
weighted_max3SATIsing_sparse_L=20000_6.h5,39998,0.00010017876762631572,-12309.985,-12470.438,-12469.363,0.008621953,-1.2947044,1.639233522,250.449011395,1.083188061
weighted_max3SATIsing_sparse_L=20000_7.h5,39998,0.00010015751550115633,-12345.795,-12507.837,-12506.92,0.0073313406,-1.3051002,1.616907275,250.509785888,0.893361799
weighted_max3SATIsing_sparse_L=20000_8.h5,39998,9.989123887415931e-5,-12361.595,-12522.123,-12520.994,0.009015294,-1.2894729,1.619335317,249.969117788,0.893956698
weighted_max3SATIsing_sparse_L=20000_9.h5,39998,0.00010014501425106257,-12443.162,-12602.225,-12601.252,0.0077181314,-1.2704958,1.650779296,250.292928722,0.906616488
weighted_max3SATIsing_sparse_L=50000_1.h5,99998,3.9956398239947036e-5,-30870.648,-31287.63,-31284.672,0.009457362,-1.3411556,4.036358391,631.05158292,2.663474736
weighted_max3SATIsing_sparse_L=50000_10.h5,99998,4.0026001024030564e-5,-30838.703,-31257.846,-31255.078,0.008854027,-1.3501703,4.055275738,634.166906711,2.629859568
weighted_max3SATIsing_sparse_L=50000_2.h5,99998,3.999559980799408e-5,-30648.506,-31069.533,-31066.512,0.009724911,-1.3638703,4.078625,630.666769005,2.518199426
weighted_max3SATIsing_sparse_L=50000_3.h5,99998,4.005940236007064e-5,-30831.98,-31246.357,-31243.586,0.008869784,-1.3349953,4.070364545,631.353948462,2.87554217
weighted_max3SATIsing_sparse_L=50000_4.h5,99998,4.000280009600272e-5,-30963.8,-31379.174,-31376.205,0.0094608925,-1.3318917,4.048420734,634.59183326,2.574019297
weighted_max3SATIsing_sparse_L=50000_5.h5,99998,4.00432017120512e-5,-30832.023,-31246.746,-31243.902,0.0091009475,-1.3358803,4.125333982,631.688507704,2.510267305
weighted_max3SATIsing_sparse_L=50000_6.h5,99998,3.998279929597872e-5,-30762.09,-31175.438,-31172.496,0.009435012,-1.3341299,4.014192199,629.90430003,2.571748825
weighted_max3SATIsing_sparse_L=50000_7.h5,99998,3.995959836795088e-5,-30801.445,-31223.146,-31220.195,0.009451872,-1.3595141,4.016816533,633.219666301,2.793900653
weighted_max3SATIsing_sparse_L=50000_8.h5,99998,4.003240128003824e-5,-30909.48,-31328.396,-31325.695,0.008622119,-1.3465605,4.060615415,633.505738706,2.714280253
weighted_max3SATIsing_sparse_L=50000_9.h5,99998,3.995239807994224e-5,-30837.777,-31249.746,-31246.828,0.009337576,-1.32646,4.017004961,633.93605795,2.723262617
weighted_max3SATIsing_sparse_L=100000_1.h5,199998,1.999549990799861e-5,-61816.227,-62662.742,-62656.625,0.009762081,-1.359511,7.953710844,1523.88053718,5.693841489
weighted_max3SATIsing_sparse_L=100000_10.h5,199998,2.000750014800221e-5,-61549.695,-62398.887,-62393.062,0.00933385,-1.3702216,8.093332079,1525.221144407,5.633385994
weighted_max3SATIsing_sparse_L=100000_2.h5,199998,2.0021150421006306e-5,-61557.92,-62410.727,-62404.31,0.0102834385,-1.3749436,7.97304605,1526.467355134,5.946576719
weighted_max3SATIsing_sparse_L=100000_3.h5,199998,2.0012550249003724e-5,-61504.402,-62354.273,-62347.59,0.010718742,-1.3709385,9.588105481,1525.628853878,5.563600127
weighted_max3SATIsing_sparse_L=100000_4.h5,199998,2.001260025000374e-5,-61699.473,-62552.934,-62546.695,0.009972803,-1.373144,7.777930476,1525.546892978,5.689760987
weighted_max3SATIsing_sparse_L=100000_5.h5,199998,2.000009999999999e-5,-61510.46,-62367.156,-62360.344,0.010923218,-1.3816882,7.725292472,1524.645567436,5.605577098
weighted_max3SATIsing_sparse_L=100000_6.h5,199998,2.001240024600368e-5,-61730.055,-62577.297,-62570.79,0.010399639,-1.3619531,7.900564967,1525.417238225,5.716118896
weighted_max3SATIsing_sparse_L=100000_7.h5,199998,2.000140002600038e-5,-61626.77,-62471.98,-62465.344,0.010623513,-1.3607304,7.903027516,1524.461416986,5.629632383
weighted_max3SATIsing_sparse_L=100000_8.h5,199998,2.000650012800191e-5,-61576.69,-62433.152,-62427.047,0.009779209,-1.3809698,7.974931921,1524.864090404,5.671273616
weighted_max3SATIsing_sparse_L=100000_9.h5,199998,2.0015550309004624e-5,-61587.977,-62444.297,-62437.883,0.010271654,-1.3799874,7.93182315,1526.159128197,6.110669107
weighted_max3SATIsing_sparse_L=500000_1.h5,999998,3.9989979959759876e-6,-308373.7,-312743.03,-312709.8,0.01062174,-1.4061267,41.422310512,8887.077503232,40.630147529
weighted_max3SATIsing_sparse_L=500000_10.h5,999998,4.001096004368013e-6,-308035.3,-312417.1,-312383.75,0.010672832,-1.4116685,42.825849633,8896.659513947,38.345109902
weighted_max3SATIsing_sparse_L=500000_2.h5,999998,4.000548002176006e-6,-308357.97,-312728.78,-312695.3,0.010702165,-1.4065937,41.498647226,8896.917059555,41.076025937
weighted_max3SATIsing_sparse_L=500000_3.h5,999998,3.997837991335974e-6,-307672.84,-312061.88,-312028.84,0.01058484,-1.4157896,43.751079469,8888.422120046,38.298545502
weighted_max3SATIsing_sparse_L=500000_4.h5,999998,3.999129996503989e-6,-307947.0,-312333.66,-312297.72,0.011506124,-1.4128141,40.689118096,8893.046554061,38.040299042
weighted_max3SATIsing_sparse_L=500000_5.h5,999998,4.001070004264013e-6,-308164.38,-312543.72,-312511.62,0.010268563,-1.4106919,41.11113538,8894.198867502,43.440516078
weighted_max3SATIsing_sparse_L=500000_6.h5,999998,3.99916399663999e-6,-307820.3,-312191.8,-312158.12,0.010790641,-1.4092028,41.499092308,8889.282453149,38.825336675
weighted_max3SATIsing_sparse_L=500000_7.h5,999998,3.999715998847997e-6,-308210.06,-312584.47,-312549.94,0.011047014,-1.40809,40.265244049,8887.787954973,37.985349767
weighted_max3SATIsing_sparse_L=500000_8.h5,999998,4.000050000184001e-6,-307999.3,-312383.5,-312348.1,0.011334226,-1.4119451,40.551767385,8887.712687136,40.063936368
weighted_max3SATIsing_sparse_L=500000_9.h5,999998,4.000376001488005e-6,-308173.6,-312546.16,-312510.72,0.011338325,-1.4073642,41.887718319,8888.654731411,38.641980546
weighted_max3SATIsing_sparse_L=1000000_1.h5,1999998,1.999684499366999e-6,-616396.94,-625227.5,-625159.1,0.010936019,-1.421517,82.049376335,18368.671621633,84.171275406
weighted_max3SATIsing_sparse_L=1000000_10.h5,1999998,2.0003875007730013e-6,-616503.5,-625273.2,-625203.75,0.011105145,-1.4112247,80.323650861,18377.748312431,85.973626048
weighted_max3SATIsing_sparse_L=1000000_2.h5,1999998,2.000333000664001e-6,-616456.94,-625196.75,-625126.5,0.011236463,-1.4063534,82.860385049,18371.514210966,84.47432064
weighted_max3SATIsing_sparse_L=1000000_3.h5,1999998,2.0007405014790022e-6,-616563.06,-625326.8,-625255.1,0.011464005,-1.4097605,79.028117654,18374.578721773,105.526623765
weighted_max3SATIsing_sparse_L=1000000_4.h5,1999998,1.9998524997029995e-6,-616213.75,-625000.8,-624933.6,0.010749985,-1.4150732,81.297900685,18376.055838179,83.115899762
weighted_max3SATIsing_sparse_L=1000000_5.h5,1999998,1.999644499286999e-6,-615783.7,-624598.2,-624526.6,0.011457366,-1.4198066,81.682849785,18373.874255989,85.51144308
weighted_max3SATIsing_sparse_L=1000000_6.h5,1999998,1.999989499977e-6,-615959.25,-624769.0,-624696.56,0.011594285,-1.4184887,81.889145996,18374.758853125,86.541995582
weighted_max3SATIsing_sparse_L=1000000_7.h5,1999998,1.999936999872e-6,-616358.0,-625169.56,-625100.2,0.01109699,-1.418362,80.975413747,18373.481022798,88.315923793
weighted_max3SATIsing_sparse_L=1000000_8.h5,1999998,2.0005815011610016e-6,-616251.0,-625027.56,-624959.6,0.010869521,-1.413162,83.349623218,18380.261949301,85.852563947
weighted_max3SATIsing_sparse_L=1000000_9.h5,1999998,1.9994379988739985e-6,-615561.06,-624388.6,-624320.9,0.010850614,-1.4230615,83.019243705,18369.10411765,83.376235824
weighted_max3SATIsing_sparse_L=5000000_1.h5,9999998,3.99985199994064e-7,-3.074174e6,NaN,-3.124424e6,NaN,-1.6345855,404.659024309,6552.459315284,NaN
weighted_max3SATIsing_sparse_L=5000000_10.h5,9999998,3.99970079988016e-7,-3.0746815e6,NaN,-3.125053e6,NaN,-1.6382672,418.344814145,6550.135944844,NaN
weighted_max3SATIsing_sparse_L=5000000_2.h5,9999998,3.99953719981472e-7,-3.0752122e6,NaN,-3.1253515e6,NaN,-1.6304321,411.762683155,6551.199244316,NaN
weighted_max3SATIsing_sparse_L=5000000_3.h5,9999998,3.99966519986592e-7,-3.072284e6,NaN,-3.1226645e6,NaN,-1.6398387,407.75213383,6552.226442611,NaN
weighted_max3SATIsing_sparse_L=5000000_4.h5,9999998,4.00022520008992e-7,-3.0742238e6,NaN,-3.1245115e6,NaN,-1.6357869,699.447322639,6552.525917109,NaN
weighted_max3SATIsing_sparse_L=5000000_5.h5,9999998,3.9998273999308e-7,-3.0743948e6,NaN,-3.1248095e6,NaN,-1.6398268,414.029129099,6551.731045271,NaN
weighted_max3SATIsing_sparse_L=5000000_6.h5,9999998,3.99927299970904e-7,-3.0726295e6,NaN,-3.1229842e6,NaN,-1.6388161,409.638801996,6550.025052694,NaN
weighted_max3SATIsing_sparse_L=5000000_7.h5,9999998,4.00009020003592e-7,-3.0740708e6,NaN,-3.124375e6,NaN,-1.6364051,406.907808383,6551.600346872,NaN
weighted_max3SATIsing_sparse_L=5000000_8.h5,9999998,3.9994463997784e-7,-3.0734222e6,NaN,-3.1238165e6,NaN,-1.6396787,797.389104987,6549.885333331,NaN
weighted_max3SATIsing_sparse_L=5000000_9.h5,9999998,4.00002960001168e-7,-3.0749705e6,NaN,-3.1252625e6,NaN,-1.6355278,408.602967971,6549.570947145,NaN
weighted_max3SATIsing_sparse_L=10000000_1.h5,19999998,2.00006875001373e-7,-6.149611e6,NaN,-6.250331e6,NaN,-1.6378273,704.833269316,13144.562736461,NaN
weighted_max3SATIsing_sparse_L=10000000_2.h5,19999998,1.99984829996964e-7,-6.150307e6,NaN,-6.2509785e6,NaN,-1.6368532,617.128868992,13142.444498642,NaN
weighted_max3SATIsing_sparse_L=10000000_3.h5,19999998,1.99993154998629e-7,-6.147834e6,NaN,-6.2485755e6,NaN,-1.6386503,659.613580108,13143.323139754,NaN
weighted_max3SATIsing_sparse_L=10000000_4.h5,19999998,1.99996269999252e-7,-6.146898e6,NaN,-6.247778e6,NaN,-1.641153,686.22514228,13142.026758376,NaN
weighted_max3SATIsing_sparse_L=10000000_5.h5,19999998,2.00007545001507e-7,-6.1488085e6,NaN,-6.2494945e6,NaN,-1.637488,662.148197119,13138.983908371,NaN
weighted_max3SATIsing_sparse_L=50000000_1.h5,99999998,4.000013760000549e-8,-3.0740728e7,NaN,-3.1245684e7,NaN,-1.6426286,3905.529547976,65850.60667242,NaN
weighted_max3SATIsing_sparse_L=50000000_2.h5,99999998,3.999915979996638e-8,-3.0739714e7,NaN,-3.1245028e7,NaN,-1.6438475,4060.256317747,65866.925688929,NaN
weighted_max3SATIsing_sparse_L=100000000_1.h5,199999998,2.0000257800005155e-8,-6.147563e7,NaN,-6.2490616e7,NaN,-1.6510347,9123.437108913,131757.702743584,NaN
weighted_max3SATIsing_sparse_L=100000000_2.h5,199999998,2.0000013300000264e-8,-6.147577e7,NaN,-6.2490884e7,NaN,-1.6512457,9926.585022899,131758.836856329,NaN
